(title "Skin Friction Coefficient")
(labels "Position" "Skin Friction Coefficient")

((xy/key/label "upper")
0.00972078	0.094123
0.00999724	0.0266686
0.010443	0.00127077
0.0109914	0.00109111
0.011605	0.00198204
0.0122728	0.00536653
0.0129825	0.00995897
0.0137196	0.0137021
0.0144809	0.0158206
0.0152661	0.016115
0.0160721	0.015545
0.0168943	0.0151812
0.0177292	0.0151625
0.0185754	0.0152087
0.019432	0.0151412
0.0202983	0.0149243
0.0211735	0.0146284
0.0220566	0.0143261
0.022947	0.0140378
0.0238438	0.013778
0.0247464	0.0135609
0.0256542	0.0133715
0.0265669	0.0131967
0.027484	0.0130366
0.0284052	0.0128913
0.0293301	0.012768
0.0302585	0.0126725
0.03119	0.0125909
0.0321246	0.012506
0.0330621	0.0124114
0.0340024	0.0123027
0.0349454	0.0121771
0.0358909	0.0120368
0.0368389	0.0118888
0.037789	0.0117439
0.0387413	0.0116101
0.0396956	0.0114909
0.0406517	0.0113872
0.0416095	0.0112985
0.0425689	0.0112268
0.0435297	0.0111739
0.0444919	0.0111329
0.0454554	0.0110916
0.0464202	0.0110446
0.0473863	0.0109912
0.0483537	0.0109312
0.0493222	0.0108641
0.0502919	0.0107883
0.0512628	0.0107026
0.0522348	0.0106113
0.0532078	0.010521
0.0541819	0.0104357
0.0551568	0.0103568
0.0561326	0.0102857
0.0571092	0.0102239
0.0580866	0.0101733
0.0590647	0.0101343
0.0600435	0.0101027
0.0610229	0.0100728
0.062003	0.0100418
0.0629838	0.0100086
0.0639651	0.00997262
0.0649471	0.00993391
0.0659297	0.00989235
0.0669128	0.00984803
0.0678965	0.00980162
0.0688808	0.00975426
0.0698656	0.00970678
0.0708508	0.00965956
0.0718366	0.0096128
0.0728229	0.00956637
0.0738096	0.00952009
0.0747968	0.00947383
0.0757844	0.00942788
0.0767724	0.00938312
0.0777609	0.00934026
0.0787497	0.00929935
0.0797388	0.00926044
0.0807284	0.00922386
0.0817182	0.00919012
0.0827084	0.00915993
0.0836989	0.0091337
0.0846896	0.00911006
0.0856807	0.00908632
0.086672	0.00906085
0.0876637	0.0090333
0.0886556	0.00900355
0.0896478	0.00897128
0.0906402	0.008936
0.0916329	0.00889699
0.0926259	0.00885455
0.0936192	0.00881118
0.0946127	0.00876966
0.0956064	0.00873128
0.0966003	0.00869635
0.0975944	0.00866509
0.0985888	0.00863781
0.0995833	0.00861511
0.100578	0.0085976
0.101573	0.00858427
0.102568	0.00857221
0.103563	0.00855924
0.104558	0.00854482
0.105554	0.00852881
0.106549	0.00851111
0.107545	0.00849156
0.108541	0.00846993
0.109537	0.00844614
0.110533	0.00842082
0.11153	0.00839496
0.112526	0.00836909
0.113523	0.00834327
0.114519	0.00831748
0.115516	0.00829167
0.116513	0.0082658
0.11751	0.00823983
0.118508	0.00821382
0.119505	0.00818805
0.120502	0.00816277
0.1215	0.00813802
0.122498	0.00811373
0.123495	0.00808987
0.124493	0.00806643
0.125491	0.00804339
0.126489	0.00802077
0.127487	0.00799868
0.128485	0.00797741
0.129483	0.00795726
0.130482	0.00793843
0.13148	0.00792106
0.132478	0.00790533
0.133477	0.00789149
0.134475	0.00787992
0.135474	0.00787096
0.136472	0.00786402
0.137471	0.00785758
0.13847	0.00785056
0.139468	0.00784264
0.140467	0.00783374
0.141466	0.00782373
0.142465	0.00781247
0.143464	0.00779978
0.144463	0.00778549
0.145462	0.00776975
0.146461	0.00775289
0.14746	0.00773504
0.148459	0.0077162
0.149458	0.00769628
0.150457	0.00767515
0.151456	0.00765256
0.152456	0.00762807
0.153455	0.00760167
0.154454	0.00757456
0.155454	0.00754845
0.156453	0.00752427
0.157452	0.00750232
0.158452	0.00748282
0.159451	0.00746609
0.16045	0.00745256
0.16145	0.00744287
0.162449	0.0074369
0.163448	0.00743269
0.164448	0.00742796
0.165447	0.00742168
0.166447	0.00741364
0.167446	0.00740368
0.168446	0.00739157
0.169445	0.00737694
0.170444	0.00735933
0.171444	0.00733896
0.172443	0.00731733
0.173443	0.00729595
0.174442	0.00727542
0.175441	0.00725584
0.176441	0.00723732
0.17744	0.00721997
0.17844	0.00720394
0.179439	0.00718941
0.180438	0.00717624
0.181438	0.00716379
0.182437	0.00715152
0.183436	0.00713924
0.184435	0.00712697
0.185435	0.00711472
0.186434	0.00710252
0.187433	0.00709042
0.188432	0.00707846
0.189432	0.00706651
0.190431	0.00705432
0.19143	0.00704166
0.192429	0.00702843
0.193428	0.00701455
0.194427	0.00699995
0.195426	0.00698451
0.196425	0.00696808
0.197424	0.00695053
0.198423	0.00693215
0.199422	0.00691366
0.200421	0.00689558
0.20142	0.00687807
0.202419	0.0068612
0.203417	0.00684504
0.204416	0.0068297
0.205415	0.00681532
0.206413	0.006802
0.207412	0.00678952
0.208411	0.0067774
0.209409	0.00676531
0.210408	0.00675322
0.211406	0.00674114
0.212405	0.00672908
0.213403	0.00671704
0.214401	0.00670507
0.2154	0.00669316
0.216398	0.00668123
0.217396	0.00666914
0.218394	0.0066568
0.219393	0.00664415
0.220391	0.00663114
0.221389	0.0066177
0.222387	0.00660372
0.223385	0.00658903
0.224383	0.00657358
0.225381	0.00655779
0.226378	0.00654234
0.227376	0.00652769
0.228374	0.00651397
0.229371	0.00650131
0.230369	0.00648985
0.231367	0.00647979
0.232364	0.00647144
0.233362	0.00646485
0.234359	0.00645922
0.235357	0.00645328
0.236354	0.00644633
0.237351	0.00643817
0.238348	0.00642866
0.239346	0.00641765
0.240343	0.0064049
0.24134	0.00639008
0.242337	0.00637312
0.243334	0.00635489
0.244331	0.00633664
0.245327	0.00631903
0.246324	0.00630222
0.247321	0.00628628
0.248317	0.00627132
0.249314	0.00625745
0.25031	0.00624487
0.251307	0.0062336
0.252303	0.00622318
0.2533	0.006213
0.254296	0.00620277
0.255292	0.00619243
0.256288	0.00618199
0.257284	0.00617146
0.25828	0.00616082
0.259276	0.00615007
0.260272	0.00613921
0.261268	0.00612823
0.262264	0.00611714
0.26326	0.00610595
0.264255	0.00609464
0.265251	0.0060832
0.266246	0.00607163
0.267242	0.00605991
0.268237	0.00604804
0.269232	0.00603601
0.270228	0.00602378
0.271223	0.00601132
0.272218	0.0059986
0.273213	0.00598559
0.274208	0.00597226
0.275203	0.00595857
0.276198	0.00594445
0.277193	0.0059298
0.278187	0.00591462
0.279182	0.00589923
0.280176	0.00588399
0.281171	0.00586907
0.282165	0.00585449
0.283159	0.00584027
0.283159	0.00584027
0.284154	0.00582639
0.285148	0.00581284
0.286142	0.00579961
0.287136	0.00578676
0.28813	0.00577454
0.289124	0.00576329
0.290118	0.00575319
0.291112	0.00574438
0.292105	0.005737
0.293099	0.00573125
0.294093	0.00572741
0.295086	0.00572591
0.29608	0.00572668
0.297073	0.00572833
0.298067	0.00572913
0.29906	0.00572824
0.300054	0.00572539
0.301047	0.00572037
0.30204	0.00571291
0.303033	0.00570263
0.304026	0.00568899
0.305019	0.00567204
0.306012	0.00565329
0.307005	0.00563461
0.307997	0.00561687
0.30899	0.0056003
0.309982	0.00558502
0.310975	0.00557117
0.311967	0.00555898
0.312959	0.00554877
0.313952	0.0055405
0.314944	0.0055333
0.315936	0.00552604
0.316928	0.00551815
0.31792	0.00550952
0.318911	0.00550005
0.319903	0.00548963
0.320895	0.00547809
0.321886	0.00546518
0.322878	0.00545094
0.323869	0.00543616
0.324861	0.00542186
0.325852	0.00540855
0.326843	0.00539638
0.327834	0.00538548
0.328825	0.00537601
0.329816	0.00536818
0.330807	0.00536235
0.331798	0.00535849
0.332789	0.00535562
0.33378	0.00535244
0.334771	0.00534834
0.335761	0.00534311
0.336752	0.00533664
0.337742	0.00532876
0.338733	0.00531926
0.339723	0.00530781
0.340713	0.0052944
0.341703	0.00527989
0.342693	0.00526541
0.343683	0.00525154
0.344673	0.00523843
0.345663	0.00522614
0.346653	0.00521474
0.347642	0.00520436
0.348632	0.00519514
0.349621	0.00518711
0.350611	0.00517995
0.3516	0.00517322
0.35259	0.00516673
0.353579	0.00516046
0.354568	0.00515445
0.355557	0.00514875
0.356546	0.00514346
0.357535	0.00513873
0.358524	0.00513453
0.359513	0.00513037
0.360502	0.00512553
0.361491	0.00511958
0.362479	0.00511236
0.363468	0.00510373
0.364456	0.00509347
0.365445	0.00508131
0.366433	0.00506681
0.367421	0.0050499
0.368409	0.00503185
0.369397	0.00501444
0.370385	0.0049987
0.371373	0.00498495
0.37236	0.00497339
0.373348	0.00496431
0.374335	0.00495807
0.375323	0.00495527
0.376311	0.00495604
0.377298	0.00495894
0.378285	0.00496168
0.379273	0.00496297
0.38026	0.00496243
0.381247	0.00495984
0.382235	0.00495497
0.383222	0.00494747
0.384209	0.00493686
0.385195	0.00492295
0.386182	0.00490685
0.387169	0.00489041
0.388155	0.00487471
0.389142	0.00486003
0.390128	0.00484651
0.391114	0.00483427
0.3921	0.00482349
0.393087	0.00481446
0.394073	0.0048073
0.395058	0.00480138
0.396044	0.00479562
0.39703	0.00478936
0.398016	0.00478242
0.399001	0.00477469
0.399987	0.00476607
0.400972	0.00475639
0.401958	0.0047454
0.402943	0.00473298
0.403928	0.0047198
0.404913	0.00470702
0.405898	0.0046954
0.406883	0.00468522
0.407868	0.00467664
0.408853	0.00466987
0.409838	0.00466521
0.410822	0.00466313
0.411807	0.00466387
0.412792	0.00466634
0.413776	0.00466842
0.414761	0.0046687
0.415745	0.00466668
0.41673	0.00466209
0.417714	0.00465458
0.418698	0.0046437
0.419682	0.00462872
0.420666	0.00460921
0.42165	0.00458663
0.422633	0.0045641
0.423617	0.00454374
0.4246	0.00452626
0.425583	0.004512
0.426567	0.00450134
0.42755	0.00449481
0.428533	0.00449321
0.429516	0.00449711
0.430499	0.00450502
0.431482	0.00451353
0.432466	0.00452019
0.433449	0.00452423
0.434432	0.00452532
0.435415	0.00452309
0.436398	0.00451708
0.43738	0.00450658
0.438363	0.00449103
0.439345	0.00447155
0.440328	0.004451
0.44131	0.0044315
0.442292	0.00441376
0.443274	0.00439801
0.444255	0.00438446
0.445237	0.00437341
0.446219	0.00436528
0.4472	0.00436045
0.448182	0.00435829
0.449163	0.00435709
0.450145	0.0043555
0.451126	0.00435309
0.452108	0.00434974
0.453089	0.00434536
0.45407	0.00433981
0.455051	0.00433293
0.456032	0.00432456
0.457013	0.00431487
0.457994	0.00430452
0.458975	0.004294
0.459955	0.00428347
0.460936	0.00427295
0.461916	0.00426245
0.462897	0.00425195
0.463877	0.00424147
0.464857	0.00423098
0.465837	0.00422049
0.466817	0.00421003
0.467797	0.00419961
0.468776	0.00418922
0.469756	0.00417887
0.470735	0.00416851
0.471715	0.00415812
0.472694	0.00414753
0.473674	0.00413704
0.474653	0.00412535
0.475632	0.00411611
0.476611	0.00410894
0.47759	0.00409727
0.478569	0.00409338
0.479548	0.00409389
0.480527	0.00408788
0.481505	0.00408615
0.482484	0.00409027
0.483463	0.00409656
0.484442	0.00410332
0.485421	0.00410814
0.486399	0.00411018
0.487378	0.00410907
0.488357	0.00410443
0.489335	0.00409578
0.490313	0.00408243
0.491291	0.00406354
0.492269	0.00403965
0.493246	0.0040137
0.494224	0.00398865
0.495201	0.00396575
0.496178	0.00394538
0.497155	0.00392781
0.498132	0.00391335
0.499109	0.00390244
0.500086	0.00389563
0.501062	0.00389271
0.502039	0.00389208
0.503016	0.00389201
0.503993	0.00389178
0.504969	0.00389126
0.505946	0.00389043
0.506923	0.00388929
0.507899	0.00388788
0.508876	0.00388628
0.509852	0.00388437
0.510829	0.00388166
0.511805	0.00387763
0.512781	0.00387195
0.513757	0.00386441
0.514733	0.00385479
0.515709	0.00384279
0.516685	0.00382796
0.51766	0.0038097
0.518635	0.00378818
0.51961	0.00376546
0.520585	0.00374397
0.52156	0.00372499
0.522535	0.00370894
0.523509	0.00369618
0.524484	0.0036871
0.525459	0.00368228
0.526433	0.00368257
0.527408	0.00368791
0.528383	0.00369591
0.529357	0.00370347
0.530332	0.00370894
0.531307	0.00371182
0.532281	0.00371179
0.533256	0.0037085
0.53423	0.00370147
0.535204	0.00369002
0.536178	0.00367406
0.537152	0.00365524
0.538126	0.00363586
0.539099	0.00361716
0.540072	0.00359948
0.541046	0.00358295
0.542019	0.00356768
0.542992	0.0035538
0.543964	0.00354151
0.544937	0.00353085
0.54591	0.00352155
0.546883	0.00351316
0.547855	0.00350544
0.548828	0.00349839
0.5498	0.00349207
0.550772	0.00348658
0.551745	0.00348204
0.552717	0.0034787
0.55369	0.00347659
0.554662	0.00347513
0.555634	0.00347338
0.556606	0.00347076
0.557578	0.00346703
0.55855	0.00346209
0.559522	0.00345578
0.560494	0.00344791
0.561466	0.00343822
0.562437	0.00342657
0.563409	0.00341354
0.56438	0.00340015
0.565351	0.00338704
0.566322	0.00337443
0.567293	0.00336238
0.568264	0.00335097
0.569235	0.00334026
0.570206	0.00333038
0.571176	0.0033214
0.572147	0.0033131
0.573117	0.00330511
0.574087	0.00329716
0.575058	0.00328917
0.576028	0.00328113
0.576998	0.00327302
0.577968	0.00326485
0.578938	0.00325661
0.579908	0.00324829
0.580877	0.0032399
0.581847	0.00323145
0.582816	0.00322294
0.583786	0.00321438
0.584755	0.00320577
0.585725	0.0031971
0.586694	0.00318838
0.587663	0.00317961
0.588632	0.0031708
0.589601	0.00316191
0.59057	0.00315288
0.591539	0.00314366
0.592507	0.00313421
0.593476	0.00312451
0.594444	0.00311452
0.595413	0.00310417
0.596381	0.00309336
0.597349	0.00308206
0.598317	0.00307041
0.598317	0.00307041
0.599285	0.00305894
0.600253	0.00304792
0.601221	0.00303769
0.602189	0.00302852
0.603156	0.00302026
0.604124	0.00301307
0.605092	0.00300718
0.606059	0.00300279
0.607027	0.0029996
0.607994	0.00299657
0.608961	0.00299281
0.609929	0.00298794
0.610896	0.0029818
0.611863	0.00297423
0.61283	0.00296504
0.613797	0.00295395
0.614764	0.00294068
0.615731	0.00292552
0.616697	0.00290964
0.617663	0.0028941
0.61863	0.00287937
0.619596	0.00286559
0.620562	0.00285289
0.621527	0.00284139
0.622493	0.00283126
0.623459	0.0028227
0.624425	0.00281558
0.62539	0.00280926
0.626356	0.00280311
0.627322	0.00279686
0.628287	0.00279043
0.629253	0.0027838
0.630218	0.00277693
0.631184	0.00276981
0.632149	0.0027624
0.633114	0.0027547
0.634079	0.00274678
0.635045	0.00273871
0.63601	0.00273051
0.636975	0.0027222
0.637939	0.00271376
0.638904	0.0027052
0.639869	0.00269653
0.640834	0.00268774
0.641798	0.00267882
0.642763	0.00266968
0.643727	0.00266025
0.644691	0.00265046
0.645655	0.00264026
0.646619	0.00262961
0.647583	0.00261844
0.648547	0.00260666
0.649511	0.00259411
0.650475	0.00258083
0.651438	0.00256734
0.652401	0.00255427
0.653365	0.00254199
0.654328	0.00253064
0.655291	0.00252034
0.656254	0.00251121
0.657217	0.00250344
0.65818	0.00249728
0.659144	0.00249273
0.660107	0.00248908
0.66107	0.00248531
0.662033	0.00248081
0.662996	0.00247535
0.663959	0.00246879
0.664922	0.00246098
0.665884	0.00245173
0.666847	0.00244075
0.667809	0.00242799
0.668772	0.00241416
0.669734	0.00240038
0.670696	0.00238737
0.671658	0.00237538
0.67262	0.00236458
0.673582	0.00235512
0.674544	0.0023472
0.675506	0.00234112
0.676468	0.00233699
0.67743	0.00233413
0.678392	0.0023313
0.679354	0.00232763
0.680316	0.0023228
0.681278	0.00231662
0.68224	0.00230891
0.683202	0.00229946
0.684163	0.00228797
0.685125	0.00227423
0.686086	0.00225884
0.687047	0.00224309
0.688008	0.00222791
0.688969	0.00221368
0.689929	0.00220054
0.69089	0.00218863
0.691851	0.0021781
0.692811	0.00216915
0.693772	0.00216194
0.694733	0.00215617
0.695693	0.00215109
0.696654	0.0021461
0.697615	0.002141
0.698575	0.00213571
0.699536	0.00213021
0.700497	0.00212447
0.701458	0.0021185
0.702418	0.00211229
0.703379	0.00210577
0.704339	0.00209882
0.7053	0.0020913
0.70626	0.00208313
0.70722	0.00207422
0.708181	0.00206451
0.709141	0.00205388
0.710101	0.00204215
0.711061	0.00202913
0.712021	0.00201505
0.71298	0.00200073
0.71394	0.00198697
0.714899	0.00197415
0.715859	0.00196245
0.716818	0.00195199
0.717778	0.0019429
0.718737	0.00193538
0.719697	0.00192965
0.720656	0.00192561
0.721616	0.00192255
0.722575	0.00191968
0.723535	0.0019166
0.724495	0.00191319
0.725455	0.00190939
0.726415	0.00190513
0.727375	0.00190039
0.728334	0.0018951
0.729294	0.00188926
0.730254	0.00188287
0.731214	0.00187596
0.732173	0.00186853
0.733133	0.00186055
0.734093	0.00185197
0.735052	0.0018427
0.736012	0.00183266
0.736971	0.00182167
0.73793	0.00180973
0.738889	0.00179729
0.739848	0.00178504
0.740807	0.00177339
0.741766	0.00176253
0.742725	0.00175256
0.743684	0.00174358
0.744643	0.00173571
0.745602	0.00172911
0.746561	0.00172387
0.74752	0.00171965
0.748479	0.00171582
0.749438	0.00171195
0.750397	0.00170788
0.751357	0.00170354
0.752316	0.00169888
0.753275	0.00169387
0.754235	0.00168844
0.755194	0.00168257
0.756153	0.00167629
0.757113	0.00166974
0.758072	0.00166303
0.759031	0.00165617
0.759991	0.00164916
0.76095	0.00164201
0.761909	0.00163467
0.762869	0.00162713
0.763828	0.00161934
0.764787	0.00161136
0.765746	0.00160338
0.766705	0.00159555
0.767665	0.00158794
0.768624	0.0015806
0.769583	0.00157355
0.770542	0.00156681
0.771501	0.00156043
0.772461	0.00155442
0.77342	0.00154879
0.774379	0.00154343
0.775339	0.00153825
0.776298	0.00153319
0.777258	0.00152826
0.778217	0.00152345
0.779177	0.0015188
0.780137	0.00151432
0.781096	0.00151007
0.782056	0.001506
0.783016	0.00150193
0.783976	0.00149763
0.784936	0.00149297
0.785895	0.00148788
0.786855	0.00148231
0.787815	0.00147618
0.788775	0.0014694
0.789735	0.00146186
0.790695	0.00145356
0.791654	0.0014449
0.792614	0.0014364
0.793574	0.00142837
0.794533	0.00142096
0.795493	0.00141425
0.796453	0.00140834
0.797413	0.00140334
0.798373	0.00139941
0.799333	0.00139658
0.800293	0.00139444
0.801253	0.00139234
0.802213	0.00138984
0.803174	0.00138678
0.804134	0.00138303
0.805095	0.00137849
0.806055	0.00137302
0.807015	0.00136646
0.807976	0.00135874
0.808936	0.00135022
0.809896	0.00134159
0.810857	0.00133336
0.811817	0.00132572
0.812777	0.00131878
0.813738	0.00131264
0.814698	0.00130739
0.815659	0.00130317
0.816619	0.00130008
0.81758	0.0012979
0.818541	0.00129617
0.819502	0.00129454
0.820463	0.00129287
0.821425	0.0012911
0.822386	0.00128921
0.823348	0.00128718
0.824309	0.00128502
0.825271	0.00128273
0.826233	0.00128023
0.827195	0.00127739
0.828156	0.00127407
0.829118	0.0012702
0.83008	0.00126571
0.831042	0.00126051
0.832004	0.0012545
0.832965	0.00124752
0.833927	0.00123943
0.834889	0.00123045
0.83585	0.00122132
0.836812	0.00121275
0.837773	0.00120506
0.838735	0.00119844
0.839697	0.00119305
0.840659	0.00118904
0.841621	0.00118665
0.842583	0.00118613
0.843546	0.00118728
0.844508	0.00118912
0.845471	0.00119068
0.846434	0.00119148
0.847397	0.00119127
0.84836	0.00118987
0.849323	0.0011871
0.850287	0.00118271
0.85125	0.00117643
0.852213	0.0011684
0.853175	0.00115948
0.854138	0.00115065
0.855101	0.00114238
0.856064	0.00113492
0.857027	0.00112839
0.85799	0.00112292
0.858953	0.00111868
0.859916	0.00111585
0.86088	0.0011144
0.861843	0.0011138
0.862807	0.00111343
0.863771	0.00111293
0.864735	0.00111217
0.865699	0.00111107
0.866664	0.00110956
0.867628	0.00110757
0.868593	0.00110501
0.869557	0.00110189
0.870522	0.00109841
0.871486	0.00109483
0.872451	0.00109132
0.873416	0.00108795
0.874381	0.00108474
0.875346	0.00108172
0.876311	0.00107894
0.877276	0.00107641
0.878242	0.00107415
0.879207	0.00107208
0.880173	0.00107006
0.881138	0.00106803
0.882104	0.00106596
0.88307	0.00106382
0.884036	0.00106161
0.885002	0.0010593
0.885968	0.00105687
0.886934	0.00105433
0.887901	0.00105169
0.888867	0.00104897
0.889833	0.00104621
0.8908	0.0010434
0.891766	0.00104053
0.892733	0.00103759
0.8937	0.00103457
0.894667	0.00103144
0.895634	0.00102819
0.896601	0.0010249
0.897568	0.00102171
0.898535	0.00101871
0.899502	0.00101594
0.90047	0.00101342
0.901437	0.0010112
0.902405	0.00100929
0.903373	0.00100773
0.904341	0.00100654
0.905309	0.00100566
0.906277	0.00100499
0.907246	0.00100445
0.908214	0.00100402
0.909183	0.0010037
0.910152	0.00100348
0.911121	0.00100338
0.91209	0.00100343
0.91306	0.00100363
0.914029	0.0010039
0.914999	0.00100413
0.915969	0.00100422
0.916939	0.00100414
0.917909	0.00100384
0.918879	0.0010033
0.91985	0.00100246
0.92082	0.00100126
0.921791	0.000999666
0.922761	0.000997802
0.923732	0.000995884
0.924703	0.000994065
0.925674	0.000992413
0.926645	0.000990964
0.927616	0.000989748
0.928588	0.000988796
0.929559	0.000988151
0.930531	0.000987831
0.931503	0.00098777
0.932475	0.00098784
0.933447	0.00098795
0.934419	0.000988062
0.935391	0.000988151
0.936364	0.000988199
0.937337	0.000988178
0.93831	0.000988051
0.939283	0.000987805
0.940256	0.000987532
0.941229	0.000987393
0.942203	0.000987513
0.943177	0.000987955
0.944151	0.000988767
0.945125	0.000990001
0.946099	0.000991727
0.947073	0.000994044
0.948048	0.000996994
0.949023	0.00100037
0.949998	0.00100382
0.950974	0.00100707
0.951949	0.00101
0.952925	0.00101255
0.953901	0.00101462
0.953901	0.00101462
0.954877	0.00101611
0.955853	0.0010169
0.956829	0.00101693
0.957805	0.00101644
0.958781	0.00101589
0.959758	0.00101557
0.960734	0.00101561
0.961711	0.00101609
0.962688	0.00101708
0.963665	0.00101866
0.964643	0.00102093
0.96562	0.00102394
0.966598	0.00102751
0.967576	0.00103133
0.968554	0.00103521
0.969532	0.00103907
0.97051	0.00104288
0.971489	0.0010466
0.972468	0.00105018
0.973447	0.00105357
0.974426	0.00105677
0.975405	0.00105996
0.976385	0.00106338
0.977364	0.00106722
0.978344	0.00107157
0.979324	0.00107651
0.980304	0.00108212
0.981285	0.0010885
0.982265	0.00109577
0.983246	0.00110403
0.984227	0.00111341
0.985208	0.001124
0.98619	0.001136
0.987171	0.00114983
0.988153	0.00116531
0.989136	0.0011842
0.990118	0.00120586
0.991101	0.0012325
0.992084	0.00126283
0.993067	0.00130705
0.99405	0.00134777
0.995034	0.001431
0.996017	0.00146994
0.997001	0.00169523
0.997985	0.00174004
0.998969	0.00275301
0.999953	0.00203513
)
