(title "Pressure Coefficient")
(labels "Position" "Pressure Coefficient")

((xy/key/label "lower")
0.00537593	0.112589
0.00541531	0.0405979
0.00542087	0.207252
0.00552563	-0.0146563
0.00556305	0.325735
0.00569429	-0.0583948
0.00580669	0.454574
0.00590988	-0.0954803
0.00613132	0.573036
0.00616221	-0.131624
0.00644214	-0.172517
0.00651631	0.67104
0.00674667	-0.219053
0.00695136	0.750098
0.00707972	-0.26637
0.00742819	0.813378
0.00744193	-0.309441
0.00793849	0.86307
0.00847503	0.901879
0.00903601	0.932189
0.0096217	0.955367
0.0102291	0.972115
0.0108526	0.983036
0.0114877	0.989254
0.0121343	0.991889
0.0127932	0.991559
0.0134641	0.989333
0.0141462	0.986189
0.0148385	0.982667
0.0155405	0.979156
0.0162513	0.975759
0.0169704	0.972447
0.0176973	0.969114
0.018432	0.965636
0.019174	0.961906
0.0199229	0.957834
0.0206783	0.953354
0.0214396	0.948423
0.0222062	0.943021
0.0229785	0.937177
0.0237567	0.930969
0.0245411	0.924514
0.0253316	0.917925
0.0261272	0.911255
0.026927	0.904482
0.02773	0.897544
0.0285354	0.890379
0.0293436	0.882991
0.0301549	0.875461
0.0309697	0.867907
0.0317886	0.860452
0.0326114	0.853176
0.0334378	0.846075
0.0342671	0.839092
0.0350991	0.832161
0.0359331	0.825206
0.0367689	0.818174
0.0376067	0.811065
0.0384464	0.803913
0.0392882	0.796751
0.0401322	0.78961
0.0409784	0.782522
0.0418268	0.775503
0.0426773	0.768557
0.0435301	0.761684
0.0443849	0.754885
0.0452418	0.748168
0.0461007	0.741539
0.0469616	0.735003
0.0478244	0.728554
0.0486891	0.722186
0.0495555	0.715893
0.0504237	0.709664
0.0512934	0.70349
0.0521648	0.697359
0.0530377	0.691264
0.0539121	0.68521
0.054788	0.679207
0.0556654	0.673261
0.0565443	0.667378
0.0574246	0.661574
0.0583065	0.655861
0.0591898	0.65025
0.0600745	0.644739
0.0609606	0.63932
0.0618479	0.633976
0.0627364	0.628692
0.063626	0.623452
0.0645167	0.618238
0.0654083	0.613028
0.0663009	0.607797
0.0671944	0.602526
0.0680888	0.597218
0.0689841	0.591889
0.0698805	0.586559
0.0707778	0.581249
0.0716762	0.575977
0.0725757	0.570762
0.0734763	0.565625
0.0743781	0.560591
0.0752811	0.555684
0.0761852	0.550919
0.0770905	0.546287
0.0779969	0.541774
0.0789042	0.537361
0.0798126	0.533034
0.0807219	0.528778
0.081632	0.52458
0.082543	0.520426
0.0834547	0.516299
0.0843672	0.512182
0.0852804	0.508059
0.0861942	0.503925
0.0871087	0.499783
0.0880239	0.495638
0.0889397	0.491497
0.0898562	0.487362
0.0907734	0.483239
0.0916913	0.47913
0.0926098	0.475038
0.093529	0.470965
0.0944488	0.466912
0.0953693	0.462882
0.0962904	0.458876
0.0972122	0.454896
0.0981347	0.450945
0.0990578	0.447024
0.0999816	0.443135
0.100906	0.439282
0.101831	0.435465
0.102757	0.431688
0.103683	0.427954
0.10461	0.424265
0.105538	0.420627
0.106466	0.417043
0.107395	0.413518
0.108325	0.41005
0.109255	0.406637
0.110186	0.403273
0.111117	0.399953
0.112049	0.396674
0.112982	0.393431
0.113915	0.390219
0.114849	0.387034
0.115783	0.383871
0.116717	0.380726
0.117652	0.377591
0.118588	0.374462
0.119524	0.371332
0.120461	0.3682
0.121397	0.365068
0.122335	0.361937
0.123273	0.358813
0.124211	0.355697
0.12515	0.352591
0.126089	0.349499
0.127029	0.346421
0.127969	0.343361
0.128909	0.340321
0.12985	0.337301
0.130792	0.334305
0.131734	0.331335
0.132676	0.328392
0.133619	0.325478
0.134562	0.322592
0.135506	0.319736
0.13645	0.316908
0.137395	0.31411
0.13834	0.311342
0.139285	0.308604
0.140231	0.305897
0.141178	0.303223
0.142125	0.300581
0.143072	0.297974
0.14402	0.295403
0.144968	0.29287
0.145916	0.290376
0.146865	0.287921
0.147815	0.2855
0.148764	0.283111
0.149715	0.28075
0.150665	0.278414
0.151616	0.276098
0.152567	0.273801
0.153519	0.271518
0.154471	0.269246
0.155423	0.26698
0.156376	0.264716
0.157328	0.26245
0.158282	0.260176
0.159235	0.257889
0.160189	0.255586
0.161143	0.25327
0.162097	0.250944
0.163052	0.248611
0.164007	0.246276
0.164962	0.243941
0.165918	0.24161
0.166874	0.239287
0.16783	0.236974
0.168787	0.234676
0.169743	0.232396
0.170701	0.230137
0.171658	0.227904
0.172616	0.2257
0.173574	0.22353
0.174533	0.221395
0.175492	0.219294
0.176451	0.217226
0.177411	0.21519
0.178371	0.213183
0.179331	0.211204
0.180291	0.209253
0.181252	0.207328
0.182213	0.205427
0.183175	0.20355
0.184136	0.201696
0.185099	0.199863
0.186061	0.198052
0.187023	0.196261
0.187986	0.194489
0.18895	0.192735
0.189913	0.190999
0.190877	0.18928
0.191841	0.187577
0.192805	0.185889
0.193769	0.184215
0.194734	0.182554
0.195699	0.180906
0.196665	0.179269
0.19763	0.177643
0.198596	0.176027
0.199562	0.17442
0.200528	0.172821
0.201495	0.171228
0.202461	0.16964
0.203428	0.168057
0.204395	0.166479
0.205363	0.164907
0.20633	0.16334
0.207298	0.16178
0.208266	0.160226
0.209235	0.158681
0.210203	0.157143
0.211172	0.155613
0.212141	0.154092
0.21311	0.15258
0.214079	0.151077
0.215049	0.149583
0.216019	0.148099
0.216989	0.146624
0.217959	0.145159
0.218929	0.143705
0.2199	0.14226
0.220871	0.140826
0.221842	0.139402
0.222813	0.137988
0.223785	0.136584
0.224756	0.13519
0.225728	0.133807
0.2267	0.132433
0.227672	0.13107
0.228645	0.129717
0.229618	0.128374
0.23059	0.127041
0.231563	0.125718
0.232537	0.124406
0.23351	0.123104
0.234484	0.121812
0.235458	0.12053
0.236432	0.119258
0.237406	0.117996
0.23838	0.116744
0.239355	0.115501
0.24033	0.114269
0.241304	0.113046
0.24228	0.111832
0.243255	0.110627
0.24423	0.109432
0.245206	0.108245
0.246182	0.107067
0.247158	0.105897
0.248134	0.104735
0.24911	0.103582
0.250087	0.102437
0.251064	0.101301
0.252041	0.100175
0.253018	0.0990582
0.253995	0.0979524
0.254972	0.0968577
0.25595	0.0957747
0.256928	0.0947041
0.257905	0.0936465
0.258884	0.0926027
0.259862	0.0915736
0.26084	0.09056
0.261819	0.0895628
0.262798	0.0885827
0.263777	0.0876201
0.264756	0.0866747
0.265735	0.085746
0.266714	0.0848333
0.267694	0.0839359
0.268674	0.0830529
0.269653	0.0821834
0.270634	0.0813268
0.271614	0.0804825
0.272594	0.0796496
0.273575	0.0788275
0.274555	0.0780155
0.275536	0.0772128
0.276517	0.0764189
0.277498	0.0756331
0.278479	0.0748546
0.27946	0.074083
0.280442	0.073318
0.281423	0.0725593
0.282405	0.071807
0.283387	0.0710606
0.284369	0.07032
0.285351	0.0695848
0.286333	0.068855
0.287316	0.06813
0.288298	0.0674096
0.289281	0.0666934
0.290263	0.065981
0.291246	0.0652719
0.292229	0.0645657
0.293212	0.0638618
0.294195	0.0631598
0.295179	0.0624595
0.296162	0.0617612
0.297146	0.0610651
0.298129	0.0603716
0.299113	0.0596807
0.300097	0.0589929
0.301081	0.0583082
0.302065	0.0576271
0.303049	0.0569498
0.304033	0.0562769
0.305018	0.0556085
0.306002	0.0549449
0.306987	0.0542865
0.307972	0.0536333
0.308957	0.0529857
0.309942	0.0523439
0.310927	0.051708
0.311912	0.0510786
0.312897	0.0504558
0.313882	0.0498398
0.314868	0.049231
0.315853	0.0486298
0.316839	0.0480366
0.317825	0.0474514
0.318811	0.0468746
0.319797	0.0463066
0.320783	0.0457477
0.321769	0.0451985
0.322755	0.0446593
0.323742	0.0441306
0.324728	0.043613
0.325715	0.0431067
0.326702	0.0426119
0.327688	0.0421283
0.328675	0.0416556
0.329662	0.0411935
0.33065	0.0407413
0.331637	0.0402986
0.332624	0.0398652
0.333611	0.0394405
0.334599	0.0390243
0.335586	0.038616
0.336574	0.0382154
0.337562	0.037822
0.33855	0.0374356
0.339538	0.0370557
0.340526	0.0366818
0.341514	0.0363136
0.342502	0.0359507
0.34349	0.0355928
0.344478	0.0352395
0.345467	0.0348902
0.346455	0.0345444
0.347444	0.0342016
0.348433	0.0338614
0.349421	0.0335235
0.35041	0.0331873
0.351399	0.0328522
0.352388	0.0325176
0.353377	0.0321832
0.354366	0.0318482
0.355355	0.031512
0.356344	0.0311741
0.357333	0.0308339
0.358323	0.030491
0.359312	0.0301453
0.360301	0.0297973
0.361291	0.0294474
0.362281	0.0290962
0.36327	0.0287442
0.36426	0.0283917
0.36525	0.0280394
0.366239	0.0276874
0.367229	0.0273365
0.368219	0.0269869
0.369209	0.0266392
0.370199	0.0262938
0.37119	0.0259514
0.37218	0.0256123
0.37317	0.025277
0.37416	0.024946
0.375151	0.0246192
0.376141	0.0242966
0.377132	0.0239781
0.378122	0.0236637
0.379113	0.0233532
0.380104	0.0230464
0.381095	0.0227431
0.382085	0.0224429
0.383076	0.0221457
0.384067	0.0218513
0.385058	0.0215596
0.386049	0.0212702
0.38704	0.0209829
0.388032	0.0206972
0.389023	0.0204129
0.390014	0.0201298
0.391006	0.0198481
0.391997	0.0195681
0.392988	0.0192905
0.39398	0.0190156
0.394972	0.0187445
0.395963	0.0184777
0.396955	0.0182163
0.397947	0.0179607
0.398938	0.0177119
0.39993	0.0174707
0.400922	0.0172383
0.401914	0.0170155
0.402906	0.0168032
0.403898	0.0166026
0.404891	0.0164148
0.405883	0.0162411
0.406875	0.0160817
0.407867	0.015936
0.40886	0.015803
0.409852	0.0156814
0.410845	0.0155698
0.411837	0.0154665
0.41283	0.0153697
0.413823	0.015278
0.414815	0.0151894
0.415808	0.0151022
0.416801	0.0150146
0.417794	0.0149248
0.418787	0.0148308
0.41978	0.0147305
0.420772	0.0146218
0.421765	0.0145023
0.422758	0.0143704
0.423751	0.0142251
0.424744	0.014067
0.425738	0.0138967
0.426731	0.0137152
0.427724	0.0135238
0.428717	0.0133236
0.42971	0.0131159
0.430703	0.0129016
0.431697	0.0126847
0.43269	0.0124703
0.433683	0.0122812
0.433683	0.0122812
0.434677	0.0121976
0.43567	0.0120876
0.436664	0.0119014
0.437657	0.0117299
0.438651	0.0115463
0.439645	0.0113709
0.440638	0.0112025
0.441632	0.0110434
0.442626	0.0108941
0.44362	0.0107543
0.444613	0.0106234
0.445607	0.0105006
0.446601	0.0103849
0.447595	0.0102753
0.448589	0.0101711
0.449583	0.010071
0.450577	0.00997417
0.451572	0.00987954
0.452566	0.00978603
0.45356	0.00969253
0.454554	0.00959789
0.455548	0.00950105
0.456543	0.00940136
0.457537	0.0092987
0.458531	0.00919316
0.459526	0.00908484
0.46052	0.00897407
0.461514	0.00886108
0.462509	0.00874613
0.463503	0.00862959
0.464498	0.0085118
0.465492	0.00839304
0.466487	0.00827373
0.467482	0.00815421
0.468476	0.00803481
0.469471	0.00791594
0.470466	0.00779799
0.47146	0.00768131
0.472455	0.00756625
0.47345	0.00745301
0.474445	0.00734163
0.47544	0.00723215
0.476434	0.00712455
0.477429	0.00701877
0.478424	0.00691481
0.479419	0.0068126
0.480414	0.0067121
0.481409	0.00661327
0.482404	0.00651606
0.4834	0.0064204
0.484395	0.00632627
0.48539	0.00623358
0.486385	0.00614227
0.48738	0.00605229
0.488375	0.00596355
0.489371	0.00587601
0.490366	0.00578983
0.491361	0.00570516
0.492357	0.00562219
0.493352	0.00554122
0.494347	0.00546246
0.495343	0.00538616
0.496338	0.00531267
0.497334	0.00524223
0.498329	0.00517508
0.499325	0.00511159
0.500321	0.00505211
0.501316	0.00499696
0.502312	0.0049465
0.503307	0.00490114
0.504303	0.00486128
0.505299	0.00482716
0.506295	0.00479885
0.50729	0.00477634
0.508286	0.00475937
0.509282	0.00474773
0.510278	0.00474065
0.511274	0.00473768
0.51227	0.00473883
0.513266	0.00474312
0.514262	0.00474988
0.515258	0.00475881
0.516254	0.0047694
0.51725	0.00478118
0.518246	0.00479368
0.519242	0.00480617
0.520238	0.00481795
0.521234	0.00482842
0.52223	0.00483701
0.523226	0.00484347
0.524222	0.00484773
0.525219	0.00484983
0.526215	0.00484966
0.527211	0.0048473
0.528207	0.00484288
0.529204	0.0048365
0.5302	0.00482825
0.531196	0.00481851
0.532193	0.00480769
0.533189	0.00479587
0.534185	0.00478297
0.535182	0.00476909
0.536178	0.00475463
0.537174	0.00473992
0.538171	0.0047251
0.539167	0.00471032
0.540164	0.00469582
0.54116	0.00468178
0.542157	0.00466819
0.543153	0.00465524
0.54415	0.00464322
0.545147	0.00463252
0.546143	0.00462354
0.54714	0.00461641
0.548136	0.00461124
0.549133	0.00460823
0.55013	0.00460781
0.551126	0.00461039
0.552123	0.00461617
0.55312	0.00462543
0.554117	0.00463855
0.555113	0.00465581
0.55611	0.00467747
0.557107	0.00470356
0.558104	0.00473379
0.559101	0.00476776
0.560098	0.00480497
0.561095	0.0048449
0.562091	0.00488697
0.563088	0.00493057
0.564085	0.004975
0.565082	0.0050196
0.566079	0.00506373
0.567076	0.00510671
0.568073	0.00514793
0.56907	0.00518657
0.570067	0.00522178
0.571064	0.00525275
0.572061	0.00527862
0.573058	0.00529888
0.574055	0.00531333
0.575052	0.00532239
0.57605	0.00532642
0.577047	0.00532548
0.578044	0.00532037
0.579041	0.00531195
0.580038	0.00530089
0.581035	0.00528795
0.582032	0.00527386
0.583029	0.00525946
0.584027	0.00524564
0.585024	0.00523316
0.586021	0.00522314
0.587018	0.00521597
0.588016	0.00521279
0.589013	0.00521552
0.59001	0.00522398
0.591008	0.0052386
0.592005	0.00525976
0.593002	0.00528707
0.594	0.00532044
0.594997	0.0053596
0.595994	0.00540432
0.596992	0.00545432
0.597989	0.00550927
0.598987	0.00556875
0.599984	0.00563234
0.600982	0.00569971
0.601979	0.00577051
0.602977	0.00584438
0.603974	0.00592097
0.604972	0.00599979
0.605969	0.00608048
0.606967	0.00616272
0.607964	0.006246
0.608962	0.00632973
0.60996	0.00641344
0.610957	0.00649674
0.611955	0.0065791
0.612952	0.00665995
0.61395	0.00673866
0.614948	0.0068146
0.615945	0.00688718
0.616943	0.0069558
0.617941	0.00701989
0.618938	0.00707871
0.619936	0.00713148
0.620934	0.00717744
0.621931	0.00721581
0.622929	0.00724599
0.623927	0.00726692
0.624924	0.00727947
0.625922	0.00728392
0.62692	0.00727955
0.627918	0.00726897
0.628915	0.00725309
0.629913	0.0072322
0.630911	0.0072079
0.631909	0.00718125
0.632906	0.00715369
0.633904	0.00712659
0.634902	0.00710134
0.6359	0.00707933
0.636898	0.0070624
0.637895	0.00705133
0.638893	0.00704808
0.639891	0.00705533
0.640889	0.00707284
0.641887	0.00710105
0.642885	0.00714027
0.643883	0.00718959
0.644881	0.00724835
0.645879	0.00731569
0.646877	0.0073907
0.647875	0.00747222
0.648873	0.00755914
0.649871	0.00765038
0.650869	0.00774473
0.651867	0.00784093
0.652865	0.00793769
0.653863	0.00803371
0.654861	0.0081276
0.655859	0.00821792
0.656857	0.00830319
0.657855	0.00838227
0.658853	0.00845463
0.659851	0.00852021
0.66085	0.00857931
0.661848	0.00863232
0.662846	0.00867985
0.663844	0.00872259
0.664842	0.00876125
0.66584	0.00879662
0.666838	0.00882941
0.667836	0.0088604
0.668834	0.00889048
0.669833	0.00892061
0.670831	0.00895177
0.671829	0.00898498
0.672827	0.00902131
0.673825	0.00906181
0.674824	0.00910733
0.675822	0.00915825
0.67682	0.00921465
0.677818	0.00927642
0.678817	0.00934319
0.679815	0.0094146
0.680813	0.00949019
0.681811	0.00956955
0.68281	0.0096523
0.683808	0.00973785
0.684806	0.00982563
0.685805	0.00991504
0.686803	0.0100054
0.687801	0.0100962
0.6888	0.0101868
0.689798	0.0102764
0.690796	0.0103647
0.691795	0.0104509
0.692793	0.0105347
0.693791	0.0106159
0.69479	0.0106945
0.695788	0.0107705
0.696787	0.0108438
0.697785	0.0109147
0.698783	0.0109832
0.699782	0.0110495
0.70078	0.0111136
0.701779	0.0111759
0.702777	0.0112364
0.703775	0.0112955
0.704774	0.0113532
0.705772	0.0114097
0.706771	0.0114653
0.707769	0.0115202
0.708768	0.0115746
0.709766	0.0116286
0.710764	0.0116824
0.711763	0.0117359
0.712761	0.0117893
0.71376	0.0118425
0.714758	0.0118958
0.715757	0.011949
0.716755	0.0120021
0.717754	0.0120552
0.718752	0.0121082
0.719751	0.012161
0.720749	0.0122139
0.721748	0.0122666
0.722746	0.0123192
0.723745	0.0123716
0.724744	0.0124237
0.725742	0.0124757
0.726741	0.0125274
0.727739	0.012579
0.728738	0.0126305
0.729736	0.0126817
0.730735	0.0127328
0.731734	0.0127837
0.732732	0.0128344
0.733731	0.012885
0.734729	0.0129354
0.735728	0.0129857
0.736727	0.0130358
0.737725	0.0130859
0.738724	0.0131359
0.739722	0.0131859
0.740721	0.0132358
0.74172	0.0132857
0.742718	0.0133356
0.743717	0.0133856
0.744716	0.0134356
0.745714	0.0134857
0.746713	0.013536
0.747712	0.0135863
0.74871	0.0136368
0.749709	0.0136875
0.750708	0.0137383
0.751706	0.0137893
0.752705	0.0138407
0.753704	0.0138924
0.754703	0.0139445
0.755701	0.013997
0.7567	0.0140499
0.757699	0.0141033
0.758697	0.0141572
0.759696	0.0142116
0.760695	0.0142665
0.761694	0.0143221
0.762692	0.0143782
0.763691	0.0144351
0.76469	0.0144927
0.765689	0.0145512
0.766687	0.0146106
0.767686	0.0146709
0.768685	0.0147323
0.769684	0.0147947
0.770683	0.0148582
0.771681	0.0149231
0.77268	0.0149893
0.773679	0.0150571
0.774678	0.0151264
0.775677	0.0151975
0.776676	0.0152702
0.777674	0.0153448
0.778673	0.0154212
0.779672	0.0154992
0.780671	0.0155787
0.78167	0.0156596
0.782669	0.0157417
0.783667	0.0158246
0.784666	0.0159082
0.785665	0.0159923
0.786664	0.0160766
0.787663	0.016161
0.788662	0.016245
0.789661	0.0163285
0.79066	0.0164111
0.791659	0.0164927
0.792657	0.0165728
0.793656	0.0166514
0.794655	0.016728
0.795654	0.0168023
0.796653	0.0168744
0.797652	0.0169442
0.798651	0.0170115
0.79965	0.0170762
0.800649	0.0171385
0.801648	0.0171981
0.802646	0.0172551
0.803645	0.0173094
0.804644	0.017361
0.805643	0.0174099
0.806642	0.017456
0.807641	0.0174993
0.80864	0.0175397
0.809639	0.0175774
0.810638	0.017612
0.811637	0.0176438
0.812636	0.0176728
0.813635	0.017699
0.814634	0.0177226
0.815633	0.0177437
0.816631	0.0177624
0.81763	0.0177791
0.818629	0.017794
0.819628	0.0178074
0.820627	0.0178193
0.821626	0.01783
0.822625	0.0178398
0.823624	0.017849
0.824623	0.0178577
0.825622	0.0178664
0.826621	0.0178753
0.82762	0.0178845
0.828619	0.0178944
0.829618	0.0179052
0.830617	0.0179172
0.831616	0.0179306
0.832615	0.0179457
0.833614	0.0179628
0.834613	0.0179821
0.835612	0.0180039
0.836611	0.0180285
0.83761	0.0180563
0.838609	0.0180875
0.839608	0.0181224
0.840607	0.0181612
0.841606	0.0182044
0.842605	0.0182522
0.843605	0.0183049
0.844604	0.018363
0.845603	0.0184267
0.846602	0.0184962
0.847601	0.0185713
0.8486	0.0186515
0.849599	0.0187361
0.850598	0.0188244
0.851597	0.0189155
0.852596	0.0190085
0.853596	0.0191025
0.854595	0.0191965
0.855594	0.0192894
0.856593	0.0193801
0.857592	0.0194677
0.858591	0.019551
0.85959	0.0196288
0.860589	0.0196999
0.861589	0.019763
0.862588	0.0198168
0.863587	0.0198602
0.864586	0.0198929
0.865585	0.0199148
0.866584	0.019927
0.867583	0.0199305
0.868582	0.0199247
0.869581	0.0199121
0.87058	0.0198939
0.87158	0.0198707
0.872579	0.0198445
0.873578	0.0198166
0.874577	0.0197884
0.875576	0.0197618
0.876575	0.0197385
0.877574	0.0197204
0.878573	0.019709
0.879573	0.0197064
0.880572	0.0197153
0.881571	0.0197354
0.88257	0.0197668
0.883569	0.0198095
0.884569	0.0198627
0.885568	0.0199257
0.886567	0.0199972
0.887566	0.0200764
0.888565	0.0201619
0.889565	0.0202525
0.890564	0.0203468
0.891563	0.0204436
0.892562	0.0205415
0.893562	0.020639
0.894561	0.0207345
0.89556	0.0208266
0.896559	0.0209137
0.897559	0.0209941
0.898558	0.0210668
0.899557	0.0211313
0.900556	0.0211875
0.901555	0.0212357
0.902555	0.0212761
0.903554	0.0213092
0.904553	0.0213355
0.905552	0.0213556
0.906552	0.0213701
0.907551	0.0213796
0.90855	0.021385
0.909549	0.0213872
0.910549	0.0213869
0.911548	0.0213849
0.912547	0.0213825
0.913546	0.0213804
0.914545	0.0213795
0.915545	0.0213811
0.916544	0.0213854
0.917543	0.0213926
0.918543	0.0214032
0.919542	0.0214172
0.920541	0.0214348
0.92154	0.0214559
0.92254	0.0214806
0.923539	0.021509
0.924538	0.0215409
0.925538	0.0215763
0.926537	0.0216151
0.927536	0.0216574
0.928535	0.0217031
0.929535	0.0217521
0.930534	0.0218043
0.931533	0.0218597
0.932533	0.0219179
0.933532	0.0219791
0.934531	0.0220429
0.935531	0.0221091
0.93653	0.0221777
0.93753	0.0222483
0.938529	0.0223207
0.939528	0.0223947
0.940528	0.0224699
0.941527	0.0225462
0.942526	0.0226234
0.943526	0.0227012
0.944525	0.0227794
0.945524	0.0228576
0.946524	0.0229356
0.947523	0.0230132
0.948523	0.0230901
0.949522	0.0231661
0.950521	0.0232409
0.951521	0.0233145
0.95252	0.0233868
0.953519	0.0234578
0.954519	0.0235275
0.955518	0.0235959
0.956518	0.0236631
0.957517	0.0237292
0.958516	0.0237942
0.959516	0.023858
0.960515	0.0239209
0.961515	0.0239828
0.962514	0.0240438
0.963513	0.0241041
0.964513	0.0241636
0.965512	0.0242224
0.966511	0.0242807
0.967511	0.0243384
0.96851	0.0243956
0.96951	0.0244524
0.970509	0.0245086
0.971509	0.0245643
0.972508	0.0246194
0.973507	0.0246738
0.974507	0.0247274
0.975506	0.0247801
0.976506	0.0248319
0.977505	0.0248827
0.978504	0.0249324
0.979504	0.0249809
0.980503	0.0250282
0.981503	0.0250741
0.982502	0.0251185
0.983502	0.0251613
0.984501	0.0252023
0.9855	0.0252418
0.9865	0.0252797
0.987499	0.0253162
0.988499	0.0253515
0.989498	0.0253856
0.990498	0.0254188
0.991497	0.0254512
0.992497	0.0254829
0.993496	0.0255142
0.994495	0.0255453
0.995495	0.0255764
0.996494	0.0256078
0.997494	0.0256396
0.998493	0.0256722
0.999493	0.0257058
1.00049	0.0257406
1.00149	0.0257768
1.00249	0.0258146
1.00349	0.0258542
1.00449	0.0258958
1.00549	0.0259397
1.00649	0.0259859
1.00749	0.0260347
1.00849	0.0260862
1.00949	0.0261406
1.01049	0.0261981
1.01149	0.0262588
1.01249	0.0263229
1.01349	0.0263906
1.01449	0.0264621
1.01548	0.0265376
1.01648	0.0266172
1.01748	0.0267012
1.01848	0.0267897
1.01948	0.0268827
1.02048	0.0269798
1.02148	0.0270809
1.02248	0.0271854
1.02348	0.0272931
1.02448	0.0274034
1.02548	0.0275158
1.02648	0.0276299
1.02748	0.0277452
1.02848	0.027861
1.02948	0.0279769
1.03048	0.0280923
1.03148	0.0282068
1.03248	0.0283196
1.03348	0.0284301
1.03448	0.0285378
1.03548	0.028642
1.03648	0.0287422
1.03747	0.0288383
1.03847	0.0289302
1.03947	0.0290178
1.04047	0.0291013
1.04147	0.0291807
1.04247	0.0292561
1.04347	0.0293276
1.04447	0.0293953
1.04547	0.0294595
1.04647	0.0295203
1.04747	0.0295779
1.04847	0.0296326
1.04947	0.0296845
1.05047	0.029734
1.05147	0.0297812
1.05247	0.0298266
1.05347	0.0298703
1.05447	0.0299127
1.05547	0.0299538
1.05647	0.0299941
1.05747	0.0300338
1.05847	0.030073
1.05946	0.0301122
1.06046	0.0301516
1.06146	0.0301915
1.06246	0.0302322
1.06246	0.0302322
1.06346	0.0302741
1.06446	0.0303176
1.06546	0.0303629
1.06646	0.03041
1.06746	0.0304595
1.06846	0.0305119
1.06946	0.0305672
1.07046	0.0306259
1.07146	0.0306879
1.07246	0.0307534
1.07346	0.0308221
1.07446	0.030894
1.07546	0.0309688
1.07646	0.0310466
1.07746	0.031127
1.07846	0.0312099
1.07946	0.031295
1.08046	0.0313819
1.08146	0.0314706
1.08246	0.0315607
1.08346	0.0316518
1.08445	0.0317438
1.08545	0.0318363
1.08645	0.0319291
1.08745	0.0320217
1.08845	0.0321142
1.08945	0.0322063
1.09045	0.032298
1.09145	0.0323892
1.09245	0.0324798
1.09345	0.0325699
1.09445	0.0326593
1.09545	0.0327482
1.09645	0.0328364
1.09745	0.0329242
1.09845	0.0330114
1.09945	0.0330981
1.10045	0.0331844
1.10145	0.0332703
1.10245	0.0333558
1.10345	0.0334409
1.10445	0.0335257
1.10545	0.0336104
1.10645	0.0336949
1.10745	0.0337792
1.10845	0.0338635
1.10945	0.0339479
1.11045	0.0340324
1.11145	0.0341173
1.11244	0.0342025
1.11344	0.0342881
1.11444	0.0343743
1.11544	0.0344612
1.11644	0.0345489
1.11744	0.0346374
1.11844	0.034727
1.11944	0.0348177
1.12044	0.0349097
1.12144	0.0350031
1.12244	0.0350979
1.12344	0.0351942
1.12444	0.0352917
1.12544	0.0353901
1.12644	0.0354892
1.12744	0.0355888
1.12844	0.0356885
1.12944	0.0357879
1.13044	0.0358869
1.13144	0.035985
1.13244	0.0360818
1.13344	0.0361771
1.13444	0.0362703
1.13544	0.036361
1.13644	0.0364487
1.13744	0.036533
1.13844	0.0366134
1.13944	0.0366895
1.14044	0.0367612
1.14144	0.0368284
1.14243	0.0368915
1.14343	0.0369508
1.14443	0.0370065
1.14543	0.037059
1.14643	0.0371088
1.14743	0.0371563
1.14843	0.0372023
1.14943	0.0372471
1.15043	0.0372914
1.15143	0.0373357
1.15243	0.0373807
1.15343	0.0374271
1.15443	0.0374755
1.15543	0.0375266
1.15643	0.0375811
1.15743	0.0376394
1.15843	0.0377017
1.15943	0.0377682
1.16043	0.0378386
1.16143	0.0379128
1.16243	0.0379906
1.16343	0.0380718
1.16443	0.0381559
1.16543	0.0382428
1.16643	0.0383321
1.16743	0.0384235
1.16843	0.0385165
1.16943	0.0386108
1.17043	0.0387061
1.17143	0.0388018
1.17243	0.0388975
1.17343	0.0389929
1.17443	0.0390876
1.17542	0.0391813
1.17642	0.0392742
1.17742	0.0393662
1.17842	0.0394575
1.17942	0.0395481
1.18042	0.0396382
1.18142	0.0397279
1.18242	0.0398173
1.18342	0.0399067
1.18442	0.0399964
1.18542	0.0400864
1.18642	0.040177
1.18742	0.0402684
1.18842	0.040361
1.18942	0.0404549
1.19042	0.0405505
1.19142	0.0406479
1.19242	0.0407473
1.19342	0.0408485
1.19442	0.0409513
1.19542	0.0410555
1.19642	0.0411608
1.19742	0.0412669
1.19842	0.0413736
1.19942	0.0414804
1.20042	0.041587
1.20142	0.0416931
1.20242	0.0417983
1.20342	0.0419021
1.20442	0.0420043
1.20542	0.0421043
1.20642	0.0422016
1.20742	0.0422958
1.20842	0.0423865
1.20942	0.0424734
1.21042	0.0425565
1.21142	0.0426359
1.21242	0.0427119
1.21341	0.0427848
1.21441	0.0428548
1.21541	0.0429224
1.21641	0.0429879
1.21741	0.0430517
1.21841	0.0431145
1.21941	0.0431766
1.22041	0.0432387
1.22141	0.0433013
1.22241	0.0433649
1.22341	0.0434301
1.22441	0.0434976
1.22541	0.0435679
1.22641	0.0436415
1.22741	0.0437185
1.22841	0.0437991
1.22941	0.0438834
1.23041	0.0439712
1.23141	0.0440625
1.23241	0.044157
1.23341	0.0442546
1.23441	0.0443552
1.23541	0.0444584
1.23641	0.0445642
1.23741	0.0446723
1.23841	0.0447824
1.23941	0.0448944
1.24041	0.0450079
1.24141	0.0451226
1.24241	0.0452383
1.24341	0.0453548
1.24441	0.0454717
1.24541	0.045589
1.24641	0.0457066
1.24741	0.0458241
1.24841	0.0459415
1.24941	0.0460586
1.25041	0.0461754
1.25141	0.0462916
1.25241	0.0464073
1.25341	0.0465222
1.25441	0.0466362
1.25541	0.0467491
1.2564	0.0468609
1.2574	0.0469714
1.2584	0.0470805
1.2594	0.0471879
1.2604	0.0472937
1.2614	0.0473977
1.2624	0.0475
1.2634	0.0476005
1.2644	0.0476992
1.2654	0.0477962
1.2664	0.0478915
1.2674	0.0479852
1.2684	0.0480772
1.2694	0.0481678
1.2704	0.0482568
1.2714	0.0483445
1.2724	0.0484309
1.2734	0.0485161
1.2744	0.0486001
1.2754	0.0486831
1.2764	0.0487651
1.2774	0.0488462
1.2784	0.0489265
1.2794	0.0490064
1.2804	0.0490859
1.2814	0.0491652
1.2824	0.0492447
1.2834	0.0493244
1.2844	0.0494047
1.2854	0.0494859
1.2864	0.0495682
1.2874	0.049652
1.2884	0.0497374
1.2894	0.0498248
1.2904	0.0499146
1.2914	0.0500069
1.2924	0.0501021
1.2934	0.0502006
1.2944	0.0503026
1.2954	0.0504083
1.2964	0.0505179
1.2974	0.0506311
1.2984	0.0507477
1.2994	0.0508676
1.3004	0.0509904
1.3014	0.0511159
1.3024	0.0512437
1.3034	0.0513733
1.3044	0.0515046
1.30539	0.0516371
1.30639	0.0517703
1.30739	0.0519039
1.30839	0.0520374
1.30939	0.0521705
1.31039	0.0523026
1.31139	0.0524334
1.31239	0.0525623
1.31339	0.0526891
1.31439	0.0528138
1.31539	0.0529363
1.31639	0.0530566
1.31739	0.0531748
1.31839	0.053291
1.31939	0.0534053
1.32039	0.053518
1.32139	0.053629
1.32239	0.0537385
1.32339	0.0538467
1.32439	0.0539539
1.32539	0.0540603
1.32639	0.0541661
1.32739	0.0542716
1.32839	0.0543769
1.32939	0.0544825
1.33039	0.0545884
1.33139	0.0546947
1.33239	0.0548016
1.33339	0.0549092
1.33439	0.0550175
1.33539	0.0551266
1.33639	0.0552366
1.33739	0.0553474
1.33839	0.0554592
1.33939	0.0555721
1.34039	0.055686
1.34139	0.055801
1.34239	0.055917
1.34339	0.0560342
1.34439	0.0561525
1.34539	0.056272
1.34639	0.0563927
1.34739	0.0565146
1.34839	0.0566375
1.34939	0.0567614
1.35039	0.0568862
1.35139	0.0570116
1.35239	0.0571374
1.35339	0.0572636
1.35439	0.05739
1.35539	0.0575162
1.35639	0.0576422
1.35739	0.0577677
1.35839	0.0578925
1.35939	0.0580163
1.36039	0.058139
1.36138	0.0582601
1.36238	0.0583795
1.36338	0.058497
1.36438	0.0586123
1.36538	0.0587254
1.36638	0.0588363
1.36738	0.0589451
1.36838	0.059052
1.36938	0.0591572
1.37038	0.0592609
1.37138	0.0593633
1.37238	0.0594647
1.37338	0.0595654
1.37438	0.0596658
1.37538	0.059766
1.37638	0.0598665
1.37738	0.0599677
1.37838	0.0600699
1.37938	0.0601735
1.38038	0.060279
1.38138	0.0603867
1.38238	0.0604968
1.38338	0.0606095
1.38438	0.0607248
1.38538	0.0608428
1.38638	0.0609633
1.38738	0.0610864
1.38838	0.0612121
1.38938	0.0613402
1.39038	0.0614706
1.39138	0.0616034
1.39238	0.0617382
1.39338	0.0618751
1.39438	0.0620139
1.39538	0.0621544
1.39638	0.0622964
1.39738	0.0624399
1.39838	0.0625847
1.39938	0.0627306
1.40038	0.0628775
1.40138	0.0630253
1.40238	0.0631737
1.40338	0.0633226
1.40438	0.0634718
1.40538	0.0636211
1.40638	0.0637704
1.40738	0.0639194
1.40838	0.064068
1.40938	0.064216
1.41038	0.0643633
1.41138	0.0645095
1.41238	0.0646545
1.41338	0.0647981
1.41438	0.0649401
1.41538	0.0650802
1.41638	0.0652184
1.41738	0.0653546
1.41838	0.0654889
1.41938	0.0656215
1.42038	0.0657524
1.42138	0.065882
1.42238	0.0660105
1.42338	0.0661382
1.42437	0.0662653
1.42537	0.0663922
1.42637	0.0665192
1.42737	0.0666467
1.42837	0.0667749
1.42937	0.0669044
1.43037	0.0670354
1.43137	0.0671684
1.43237	0.0673037
1.43337	0.0674417
1.43437	0.0675825
1.43537	0.0677263
1.43637	0.0678729
1.43737	0.0680221
1.43837	0.0681737
1.43937	0.0683275
1.44037	0.0684833
1.44137	0.0686407
1.44237	0.0687996
1.44337	0.0689595
1.44437	0.0691202
1.44537	0.0692813
1.44637	0.0694424
1.44737	0.0696032
1.44837	0.0697633
1.44937	0.0699223
1.45037	0.0700798
1.45137	0.0702356
1.45237	0.0703897
1.45337	0.070542
1.45437	0.0706927
1.45537	0.0708418
1.45637	0.0709894
1.45737	0.0711359
1.45837	0.0712814
1.45937	0.0714261
1.46037	0.0715703
1.46137	0.0717142
1.46237	0.0718582
1.46337	0.0720026
1.46437	0.0721476
1.46537	0.0722936
1.46637	0.072441
1.46737	0.07259
1.46837	0.0727409
1.46937	0.072894
1.47037	0.0730492
1.47137	0.0732065
1.47237	0.0733661
1.47337	0.0735278
1.47437	0.0736917
1.47537	0.0738576
1.47637	0.0740254
1.47737	0.0741951
1.47837	0.0743666
1.47937	0.0745398
1.48037	0.0747145
1.48137	0.0748908
1.48237	0.0750683
1.48337	0.0752471
1.48437	0.075427
1.48537	0.0756078
1.48637	0.0757894
1.48737	0.0759718
1.48837	0.0761547
1.48937	0.076338
1.49037	0.0765217
1.49137	0.0767057
1.49237	0.0768897
1.49337	0.0770738
1.49436	0.0772576
1.49536	0.0774413
1.49636	0.0776245
1.49736	0.0778072
1.49836	0.0779892
1.49936	0.0781705
1.50036	0.0783508
1.50136	0.0785301
1.50236	0.0787083
1.50336	0.0788853
1.50436	0.0790611
1.50536	0.0792358
1.50636	0.0794095
1.50736	0.0795824
1.50836	0.0797545
1.50936	0.079926
1.51036	0.080097
1.51136	0.0802679
1.51236	0.0804387
1.51336	0.0806096
1.51436	0.0807809
1.51536	0.0809527
1.51636	0.0811253
1.51736	0.0812989
1.51836	0.0814738
1.51936	0.08165
1.52036	0.0818278
1.52136	0.0820073
1.52236	0.0821884
1.52336	0.0823711
1.52436	0.0825555
1.52536	0.0827415
1.52636	0.082929
1.52736	0.083118
1.52836	0.0833083
1.52936	0.0835
1.53036	0.0836928
1.53136	0.0838867
1.53236	0.0840816
1.53336	0.0842775
1.53436	0.0844741
1.53536	0.0846714
1.53636	0.0848692
1.53736	0.0850676
1.53836	0.0852663
1.53936	0.0854655
1.54036	0.0856651
1.54136	0.0858651
1.54236	0.0860655
1.54336	0.0862662
1.54436	0.0864673
1.54536	0.0866689
1.54636	0.0868709
1.54736	0.0870733
1.54836	0.0872762
1.54936	0.0874795
1.55036	0.0876834
1.55136	0.0878878
1.55236	0.0880927
1.55336	0.0882981
1.55436	0.0885042
1.55536	0.0887108
1.55636	0.088918
1.55736	0.0891257
1.55836	0.089334
1.55936	0.0895429
1.56035	0.0897522
1.56135	0.089962
1.56235	0.0901723
1.56335	0.0903831
1.56435	0.0905943
1.56535	0.0908059
1.56635	0.0910179
1.56735	0.0912302
1.56835	0.0914429
1.56935	0.0916559
1.57035	0.0918692
1.57135	0.0920827
1.57235	0.0922965
1.57335	0.0925107
1.57435	0.0927252
1.57535	0.0929401
1.57635	0.0931554
1.57735	0.0933712
1.57835	0.0935875
1.57935	0.0938045
1.58035	0.094022
1.58135	0.0942403
1.58235	0.0944592
1.58335	0.094679
1.58435	0.0948997
1.58535	0.0951212
1.58635	0.0953436
1.58735	0.0955669
1.58835	0.0957911
1.58935	0.0960164
1.59035	0.0962426
1.59135	0.0964698
1.59235	0.0966979
1.59335	0.096927
1.59435	0.097157
1.59535	0.0973878
1.59635	0.0976195
1.59735	0.0978519
1.59835	0.098085
1.59935	0.0983188
1.60035	0.0985533
1.60135	0.0987884
1.60235	0.0990241
1.60335	0.0992603
1.60435	0.0994969
1.60535	0.0997339
1.60635	0.0999712
1.60735	0.100209
1.60835	0.100447
1.60934	0.100685
1.61034	0.100923
1.61134	0.101162
1.61234	0.1014
1.61334	0.101638
1.61434	0.101877
1.61534	0.102115
1.61634	0.102353
1.61734	0.102592
1.61834	0.10283
1.61934	0.103067
1.62034	0.103305
1.62134	0.103543
1.62234	0.10378
1.62334	0.104018
1.62434	0.104255
1.62534	0.104492
1.62634	0.104729
1.62734	0.104965
1.62834	0.105203
1.62934	0.105439
1.63034	0.105677
1.63134	0.105914
1.63234	0.106152
1.63334	0.10639
1.63434	0.106631
1.63534	0.106875
1.63634	0.107126
1.63733	0.107387
1.63833	0.107674
1.63933	0.108012
1.64033	0.108422
1.64033	0.108422
1.64133	0.10892
1.64233	0.109514
1.64333	0.110209
1.64433	0.111004
1.64533	0.111901
1.64633	0.112898
1.64733	0.113994
1.64833	0.115187
1.64933	0.116478
1.65033	0.117864
1.65133	0.119346
1.65233	0.120922
1.65333	0.122592
1.65432	0.124356
1.65532	0.126212
1.65632	0.128159
1.65732	0.130198
1.65832	0.132326
1.65932	0.134541
1.66032	0.136841
1.66132	0.139216
1.66232	0.141643
1.66332	0.14418
1.66432	0.146596
)
