(title "Pressure Coefficient")
(labels "Position" "Pressure Coefficient")

((xy/key/label "upper")
4.88764e-05	0.973793
9.44613e-05	0.745403
0.000343142	0.92258
0.000580018	0.451338
0.000762516	0.78521
0.00125565	0.66178
0.00179818	0.550938
0.00237628	0.4559
0.00297977	0.373605
0.00360568	0.302261
0.00424967	0.241187
0.00490753	0.188027
0.00557704	0.14036
0.00625687	0.0972805
0.00694578	0.0587399
0.00764265	0.0243961
0.00834639	-0.00624344
0.00905615	-0.0341977
0.00977132	-0.0601269
0.0104914	-0.0841629
0.0112159	-0.106596
0.0119445	-0.127277
0.0126768	-0.14627
0.0134127	-0.163777
0.0141517	-0.180037
0.0148936	-0.195157
0.0156384	-0.209036
0.0163856	-0.221832
0.0171352	-0.23395
0.0178869	-0.245626
0.0186405	-0.25691
0.0193959	-0.267859
0.0201531	-0.278577
0.020912	-0.288779
0.0216727	-0.298227
0.022435	-0.306905
0.0231988	-0.31473
0.023964	-0.322032
0.0247305	-0.329125
0.0254982	-0.33589
0.0262672	-0.342284
0.0270372	-0.348267
0.0278084	-0.353767
0.0285807	-0.3589
0.0293538	-0.363842
0.0301277	-0.368782
0.0309025	-0.373836
0.031678	-0.378974
0.0324543	-0.384071
0.0332314	-0.389005
0.0340093	-0.3937
0.0347879	-0.398146
0.0355673	-0.402362
0.0363473	-0.406368
0.037128	-0.410155
0.0379093	-0.41368
0.0386913	-0.416883
0.0394739	-0.419744
0.0402571	-0.422336
0.0410408	-0.424835
0.0418249	-0.427445
0.0426094	-0.430304
0.0433943	-0.433406
0.0441797	-0.436619
0.0449655	-0.439779
0.0457519	-0.442757
0.0465386	-0.445504
0.0473259	-0.448026
0.0481135	-0.450343
0.0489016	-0.452473
0.04969	-0.454433
0.0504789	-0.45623
0.0512681	-0.457879
0.0520576	-0.459417
0.0528475	-0.46091
0.0536376	-0.462444
0.0544281	-0.464089
0.0552187	-0.465844
0.0560097	-0.467622
0.056801	-0.469292
0.0575927	-0.470743
0.0583846	-0.471949
0.0591768	-0.472971
0.0599693	-0.473907
0.0607619	-0.474838
0.0615548	-0.475781
0.062348	-0.476696
0.0631414	-0.477518
0.063935	-0.478207
0.0647288	-0.478778
0.0655228	-0.479292
0.0663171	-0.479823
0.0671114	-0.480409
0.067906	-0.481017
0.0687008	-0.481553
0.0694957	-0.481922
0.0702909	-0.482083
0.0710862	-0.48207
0.0718817	-0.481998
0.0726773	-0.481995
0.073473	-0.482129
0.0742688	-0.482379
0.0750648	-0.482677
0.0758609	-0.48294
0.0766572	-0.483116
0.0774536	-0.483178
0.0782501	-0.483112
0.0790468	-0.482936
0.0798435	-0.482666
0.0806404	-0.48232
0.0814374	-0.481932
0.0822345	-0.481529
0.0830316	-0.481127
0.0838289	-0.480728
0.0846262	-0.480326
0.0854237	-0.479915
0.0862212	-0.47949
0.0870188	-0.479046
0.0878164	-0.478581
0.0886142	-0.478088
0.089412	-0.477558
0.0902098	-0.476974
0.0910078	-0.47632
0.0918058	-0.475587
0.0926039	-0.474784
0.093402	-0.473937
0.0942002	-0.473079
0.0949984	-0.472238
0.0957966	-0.471434
0.0965949	-0.47068
0.0973933	-0.469982
0.0981916	-0.469332
0.09899	-0.468691
0.0997885	-0.467999
0.100587	-0.467194
0.101386	-0.466252
0.102184	-0.465211
0.102983	-0.464154
0.103781	-0.463166
0.10458	-0.462293
0.105379	-0.461503
0.106177	-0.46071
0.106976	-0.459823
0.107775	-0.458794
0.108573	-0.457647
0.109372	-0.456452
0.110171	-0.455282
0.11097	-0.454177
0.111768	-0.453126
0.112567	-0.452085
0.113366	-0.451008
0.114165	-0.449872
0.114963	-0.448685
0.115762	-0.447473
0.116561	-0.446265
0.11736	-0.445082
0.118158	-0.443934
0.118957	-0.442823
0.119756	-0.441747
0.120555	-0.440695
0.121353	-0.439641
0.122152	-0.438558
0.122951	-0.437422
0.12375	-0.436224
0.124548	-0.434976
0.125347	-0.433696
0.126146	-0.432404
0.126944	-0.431116
0.127743	-0.42984
0.128542	-0.428584
0.12934	-0.427346
0.130139	-0.42611
0.130937	-0.424847
0.131736	-0.423526
0.132534	-0.422122
0.133333	-0.420644
0.134131	-0.419127
0.13493	-0.417614
0.135728	-0.416138
0.136526	-0.414708
0.137325	-0.413311
0.138123	-0.411926
0.138921	-0.410533
0.139719	-0.409119
0.140518	-0.407675
0.141316	-0.406198
0.142114	-0.404693
0.142912	-0.403173
0.14371	-0.40166
0.144508	-0.400177
0.145306	-0.398732
0.146104	-0.397309
0.146902	-0.395875
0.1477	-0.39439
0.148498	-0.392836
0.149296	-0.39122
0.150093	-0.389567
0.150891	-0.387909
0.151689	-0.386265
0.152486	-0.384634
0.153284	-0.383007
0.154081	-0.38137
0.154879	-0.379711
0.155676	-0.378026
0.156473	-0.376313
0.157271	-0.374572
0.158068	-0.372807
0.158865	-0.371021
0.159662	-0.369221
0.160459	-0.367413
0.161256	-0.365602
0.162053	-0.363797
0.16285	-0.362005
0.163647	-0.360229
0.164444	-0.358465
0.165241	-0.356696
0.166038	-0.354901
0.166834	-0.353064
0.167631	-0.351183
0.168427	-0.349274
0.169224	-0.347359
0.17002	-0.345457
0.170816	-0.343576
0.171613	-0.341712
0.172409	-0.339855
0.173205	-0.337995
0.174001	-0.336126
0.174797	-0.334246
0.175593	-0.332355
0.176389	-0.330458
0.177185	-0.328559
0.17798	-0.326666
0.178776	-0.324785
0.179572	-0.322922
0.180367	-0.321079
0.181163	-0.319253
0.181958	-0.317441
0.182754	-0.315642
0.183549	-0.313856
0.184344	-0.312082
0.185139	-0.310324
0.185934	-0.308585
0.186729	-0.306868
0.187524	-0.305177
0.188319	-0.303512
0.189114	-0.301876
0.189908	-0.30027
0.190703	-0.298693
0.191498	-0.297146
0.192292	-0.295633
0.193086	-0.294154
0.193881	-0.292709
0.194675	-0.2913
0.195469	-0.289927
0.196263	-0.288589
0.197057	-0.287288
0.197851	-0.286024
0.198645	-0.284796
0.199438	-0.283605
0.200232	-0.282449
0.201026	-0.28133
0.201819	-0.280246
0.202613	-0.279198
0.203406	-0.278185
0.204199	-0.277206
0.204992	-0.276262
0.205786	-0.275351
0.206579	-0.274471
0.207372	-0.273621
0.208165	-0.2728
0.208958	-0.272006
0.20975	-0.271241
0.210543	-0.270505
0.211335	-0.269799
0.212128	-0.269122
0.21292	-0.268473
0.213713	-0.26785
0.214505	-0.26725
0.215297	-0.266673
0.216089	-0.266116
0.216881	-0.265581
0.217673	-0.265064
0.218465	-0.264564
0.219257	-0.264081
0.220048	-0.263611
0.22084	-0.263153
0.221632	-0.262703
0.222423	-0.26226
0.223215	-0.261825
0.224006	-0.261398
0.224797	-0.260981
0.225588	-0.260573
0.226379	-0.260174
0.22717	-0.259784
0.227961	-0.259401
0.228752	-0.259025
0.229543	-0.258657
0.230334	-0.258294
0.231125	-0.257932
0.231915	-0.25757
0.232706	-0.257208
0.233497	-0.256841
0.234287	-0.256466
0.235078	-0.256081
0.235868	-0.255684
0.236658	-0.25526
0.237448	-0.254746
0.238239	-0.254024
0.239029	-0.253017
0.239819	-0.251815
0.240609	-0.250595
0.241399	-0.249448
0.242189	-0.248355
0.242978	-0.247208
0.243768	-0.245979
0.244558	-0.244741
0.245348	-0.243621
0.246137	-0.242645
0.246927	-0.241347
0.247717	-0.238615
0.248506	-0.233346
0.249296	-0.225817
0.250086	-0.217317
0.250875	-0.209099
0.251665	-0.201852
0.252454	-0.195611
0.253244	-0.190155
0.254033	-0.185078
0.254823	-0.180018
0.255612	-0.174721
0.256401	-0.169052
0.257191	-0.162981
0.25798	-0.15653
0.25877	-0.149717
0.259559	-0.142605
0.260348	-0.135288
0.261138	-0.127839
0.261927	-0.120306
0.262717	-0.112711
0.263506	-0.10506
0.264296	-0.0973612
0.265085	-0.0896357
0.265875	-0.0819225
0.266664	-0.0742709
0.267454	-0.0667354
0.268243	-0.0593799
0.269033	-0.0522715
0.269822	-0.0454727
0.270612	-0.0390314
0.271402	-0.0329774
0.272191	-0.0273251
0.272981	-0.0220794
0.273771	-0.017239
0.27456	-0.0127884
0.27535	-0.00870296
0.27614	-0.0049555
0.27693	-0.00151688
0.27772	0.00164935
0.27851	0.00457864
0.2793	0.00729928
0.28009	0.00983737
0.28088	0.0122158
0.28167	0.0144532
0.28246	0.0165646
0.28325	0.0185621
0.28404	0.020457
0.284831	0.0222601
0.285621	0.0239822
0.286412	0.0256365
0.287202	0.0272414
0.287993	0.028821
0.288783	0.0303962
0.289574	0.0319772
0.290364	0.033556
0.291155	0.035112
0.291946	0.0366235
0.292737	0.0380808
0.293528	0.0394995
0.294319	0.0409145
0.29511	0.0423634
0.295901	0.0438629
0.296692	0.0453974
0.297484	0.0469302
0.298275	0.0484211
0.299067	0.0498493
0.299858	0.0512275
0.30065	0.0525886
0.301442	0.053967
0.302234	0.0553767
0.303025	0.0568033
0.303817	0.058217
0.304609	0.0595892
0.305402	0.060907
0.306194	0.0621783
0.306987	0.0634225
0.307779	0.0646597
0.308572	0.0659015
0.309364	0.0671498
0.310157	0.0684014
0.31095	0.0696515
0.311743	0.0708959
0.312536	0.0721237
0.313329	0.0733202
0.314122	0.0744746
0.314916	0.0755724
0.315709	0.0766086
0.316503	0.0775749
0.317297	0.0784628
0.318091	0.0792819
0.318885	0.0800489
0.319679	0.0807902
0.320473	0.0815171
0.321267	0.0822255
0.322062	0.0828901
0.322857	0.0834786
0.323651	0.0839498
0.324446	0.0842955
0.325241	0.0845497
0.326036	0.0847291
0.326832	0.0848713
0.327627	0.0849615
0.328422	0.0849397
0.329218	0.084773
0.330014	0.0844261
0.33081	0.0838741
0.331606	0.0831398
0.332402	0.0822529
0.333198	0.0812098
0.333995	0.0799864
0.334791	0.0785337
0.335588	0.0767911
0.336384	0.0747085
0.337181	0.0722547
0.337978	0.0693958
0.338775	0.0660897
0.339572	0.0621999
0.34037	0.057528
0.341167	0.0516651
0.341965	0.0440528
0.342762	0.0339488
0.34356	0.0175006
0.344358	0.00294918
)
