(title "Pressure Coefficient")
(labels "Position" "Pressure Coefficient")

((xy/key/label "upper")
0.0218389	-10.7807
0.0221814	-10.2889
0.0226884	-10.7142
0.0232938	-11.408
0.0239609	-10.63
0.0246789	-9.24704
0.025436	-8.13604
0.0262184	-7.55243
0.0270229	-7.37044
0.0278494	-7.26905
0.0286946	-7.08291
0.0295544	-6.78905
0.0304256	-6.45175
0.0313068	-6.12991
0.0321973	-5.83912
0.0330963	-5.58795
0.034003	-5.36968
0.0349166	-5.18076
0.0358364	-5.0147
0.0367618	-4.86895
0.0376921	-4.7399
0.0386269	-4.62354
0.0395658	-4.51656
0.0405084	-4.4178
0.0414544	-4.32686
0.0424034	-4.24262
0.0433553	-4.16402
0.0443099	-4.09057
0.0452669	-4.0216
0.0462263	-3.95646
0.0471879	-3.89497
0.0481517	-3.83652
0.0491175	-3.78054
0.0500852	-3.72699
0.0510547	-3.6757
0.0520258	-3.6264
0.0529985	-3.5791
0.0539726	-3.53375
0.0549479	-3.49013
0.0559245	-3.44816
0.0569022	-3.40778
0.0578809	-3.36901
0.0588606	-3.33194
0.0598412	-3.29647
0.0608228	-3.26245
0.0618053	-3.22971
0.0627887	-3.19805
0.0637729	-3.16718
0.064758	-3.13705
0.0657438	-3.10762
0.0667304	-3.07893
0.0677177	-3.05098
0.0687056	-3.02369
0.0696941	-2.99709
0.0706831	-2.97118
0.0716727	-2.94597
0.0726627	-2.92151
0.0736532	-2.8978
0.0746441	-2.87477
0.0756355	-2.85237
0.0766273	-2.8306
0.0776194	-2.8094
0.078612	-2.78871
0.0796049	-2.76847
0.0805982	-2.74867
0.0815918	-2.7293
0.0825858	-2.71035
0.08358	-2.69177
0.0845746	-2.67351
0.0855695	-2.65559
0.0865646	-2.638
0.08756	-2.6207
0.0885557	-2.6037
0.0895515	-2.58697
0.0905477	-2.57052
0.091544	-2.55437
0.0925405	-2.5385
0.0935372	-2.52289
0.0945341	-2.50755
0.0955312	-2.4925
0.0965284	-2.47774
0.0975258	-2.46329
0.0985233	-2.44917
0.099521	-2.43534
0.100519	-2.42177
0.101517	-2.40845
0.102515	-2.39533
0.103513	-2.3824
0.104511	-2.36964
0.105509	-2.35701
0.106508	-2.34449
0.107506	-2.33207
0.108505	-2.31976
0.109504	-2.30758
0.110503	-2.29555
0.111502	-2.28368
0.1125	-2.27199
0.113499	-2.2605
0.114498	-2.24924
0.115498	-2.23822
0.116497	-2.22745
0.117496	-2.2169
0.118495	-2.20656
0.119494	-2.1964
0.120494	-2.18641
0.121493	-2.17655
0.122492	-2.16681
0.123492	-2.15717
0.124491	-2.14762
0.12549	-2.13816
0.12649	-2.12879
0.127489	-2.1195
0.128489	-2.11029
0.129488	-2.10116
0.130487	-2.0921
0.131487	-2.08313
0.132486	-2.07423
0.133486	-2.06541
0.134485	-2.05666
0.135484	-2.04799
0.136484	-2.0394
0.137483	-2.03089
0.138482	-2.02246
0.139482	-2.01412
0.140481	-2.00586
0.14148	-1.99768
0.14248	-1.98959
0.143479	-1.9816
0.144478	-1.97369
0.145477	-1.96589
0.146476	-1.9582
0.147475	-1.95062
0.148474	-1.94316
0.149473	-1.93583
0.150472	-1.92865
0.151471	-1.92159
0.15247	-1.91465
0.153469	-1.90782
0.154468	-1.90109
0.155467	-1.89444
0.156466	-1.88787
0.157464	-1.88136
0.158463	-1.87489
0.159462	-1.86847
0.16046	-1.86208
0.161459	-1.85572
0.162457	-1.84939
0.163455	-1.84307
0.164454	-1.83677
0.165452	-1.83047
0.16645	-1.82418
0.167448	-1.81787
0.168446	-1.81155
0.169444	-1.80522
0.170442	-1.79891
0.17144	-1.79262
0.172438	-1.78639
0.173435	-1.7802
0.174433	-1.7741
0.17543	-1.76809
0.176428	-1.76219
0.177425	-1.75642
0.178423	-1.75075
0.17942	-1.74518
0.180417	-1.73968
0.181414	-1.73424
0.182412	-1.72885
0.183408	-1.72348
0.184405	-1.71812
0.185402	-1.71276
0.186399	-1.70738
0.187396	-1.70199
0.188392	-1.69661
0.189389	-1.69123
0.190385	-1.68587
0.191381	-1.68053
0.192377	-1.67523
0.193374	-1.66996
0.19437	-1.66473
0.195366	-1.65956
0.196361	-1.65443
0.197357	-1.64935
0.198353	-1.64431
0.199348	-1.63931
0.200344	-1.63434
0.201339	-1.62942
0.202335	-1.62453
0.20333	-1.61968
0.204325	-1.61485
0.20532	-1.61006
0.206315	-1.6053
0.20731	-1.60055
0.208305	-1.59583
0.209299	-1.59112
0.210294	-1.58641
0.211288	-1.58171
0.212283	-1.57701
0.213277	-1.5723
0.214271	-1.56761
0.215265	-1.56292
0.216259	-1.55825
0.217253	-1.55359
0.218247	-1.54896
0.21924	-1.54436
0.220234	-1.53979
0.221227	-1.53525
0.22222	-1.53076
0.223214	-1.5263
0.224207	-1.52188
0.2252	-1.51748
0.226193	-1.51312
0.227186	-1.50878
0.228178	-1.50448
0.229171	-1.5002
0.230163	-1.49594
0.231156	-1.49171
0.232148	-1.4875
0.23314	-1.48331
0.234132	-1.47913
0.235124	-1.47496
0.236116	-1.47081
0.237108	-1.46666
0.2381	-1.46251
0.239091	-1.45836
0.240083	-1.45421
0.241074	-1.45007
0.242065	-1.44595
0.243056	-1.44184
0.244047	-1.43776
0.245038	-1.43372
0.246029	-1.42972
0.24702	-1.42576
0.24801	-1.42185
0.249001	-1.418
0.249991	-1.41418
0.250982	-1.41039
0.251972	-1.40662
0.252962	-1.40286
0.253952	-1.3991
0.254942	-1.39533
0.255932	-1.39154
0.256921	-1.38773
0.257911	-1.38389
0.2589	-1.38004
0.259889	-1.37618
0.260878	-1.37231
0.261867	-1.36846
0.262856	-1.36461
0.263845	-1.36079
0.264833	-1.35698
0.265822	-1.35321
0.26681	-1.34947
0.267799	-1.34576
0.268787	-1.34207
0.269775	-1.33841
0.270763	-1.33476
0.271751	-1.33114
0.272738	-1.32753
0.273726	-1.32394
0.274714	-1.32037
0.275701	-1.31681
0.276688	-1.31327
0.277676	-1.30974
0.278663	-1.30622
0.27965	-1.30271
0.280636	-1.29921
0.281623	-1.29572
0.28261	-1.29224
0.283596	-1.28876
0.284582	-1.28529
0.285569	-1.28183
0.286555	-1.27837
0.287541	-1.27492
0.288527	-1.27146
0.289512	-1.268
0.290498	-1.26454
0.291483	-1.26108
0.292469	-1.2576
0.293454	-1.25413
0.294439	-1.25065
0.295424	-1.24718
0.296409	-1.2437
0.297394	-1.24023
0.298378	-1.23677
0.299363	-1.23332
0.300347	-1.22988
0.301331	-1.22645
0.302316	-1.22304
0.3033	-1.21965
0.304284	-1.21629
0.305268	-1.21296
0.306251	-1.20967
0.307235	-1.20644
0.308219	-1.20326
0.309202	-1.20014
0.310186	-1.1971
0.311169	-1.19411
0.312153	-1.19116
0.313136	-1.18825
0.314119	-1.18536
0.315102	-1.18247
0.316085	-1.17957
0.317068	-1.17665
0.31805	-1.17369
0.319033	-1.17067
0.320015	-1.16754
0.320015	-1.16754
0.320997	-1.16426
0.321979	-1.1611
0.322961	-1.15806
0.323943	-1.15494
0.324924	-1.15183
0.325906	-1.14872
0.326887	-1.14564
0.327868	-1.14258
0.32885	-1.13955
0.329831	-1.13655
0.330812	-1.13355
0.331793	-1.13057
0.332773	-1.12759
0.333754	-1.12461
0.334734	-1.12163
0.335715	-1.11863
0.336695	-1.11561
0.337675	-1.11258
0.338655	-1.10955
0.339635	-1.10652
0.340615	-1.10349
0.341594	-1.10049
0.342574	-1.09751
0.343553	-1.09456
0.344533	-1.09165
0.345512	-1.08878
0.346491	-1.08595
0.34747	-1.08316
0.348449	-1.08039
0.349428	-1.07763
0.350407	-1.07488
0.351386	-1.07213
0.352364	-1.06938
0.353342	-1.0666
0.354321	-1.0638
0.355299	-1.06098
0.356277	-1.05815
0.357255	-1.05531
0.358232	-1.05246
0.35921	-1.04962
0.360187	-1.04679
0.361165	-1.04396
0.362142	-1.04116
0.363119	-1.03838
0.364096	-1.03562
0.365073	-1.03289
0.36605	-1.03017
0.367027	-1.02748
0.368004	-1.02481
0.368981	-1.02216
0.369957	-1.01954
0.370934	-1.01694
0.37191	-1.01436
0.372886	-1.01181
0.373862	-1.00927
0.374838	-1.00673
0.375814	-1.00419
0.37679	-1.00165
0.377766	-0.999082
0.378741	-0.996491
0.379716	-0.993864
0.380692	-0.991199
0.381667	-0.9885
0.382641	-0.985779
0.383616	-0.983048
0.384591	-0.980319
0.385565	-0.977604
0.38654	-0.974916
0.387514	-0.972269
0.388489	-0.969678
0.389463	-0.96715
0.390437	-0.96468
0.391411	-0.962257
0.392386	-0.959868
0.39336	-0.957501
0.394333	-0.955143
0.395307	-0.952781
0.396281	-0.950401
0.397254	-0.947991
0.398227	-0.94554
0.399201	-0.943052
0.400174	-0.940533
0.401146	-0.937991
0.402119	-0.935434
0.403091	-0.93287
0.404064	-0.930306
0.405036	-0.927752
0.406008	-0.925215
0.406981	-0.922701
0.407953	-0.920207
0.408924	-0.917732
0.409896	-0.91527
0.410868	-0.912816
0.41184	-0.910365
0.412811	-0.907913
0.413782	-0.905453
0.414753	-0.90298
0.415725	-0.900492
0.416695	-0.897991
0.417666	-0.895484
0.418637	-0.892979
0.419608	-0.890482
0.420578	-0.888002
0.421549	-0.885547
0.422519	-0.883128
0.423489	-0.880755
0.42446	-0.878432
0.42543	-0.876157
0.4264	-0.873916
0.42737	-0.871697
0.42834	-0.869487
0.42931	-0.867271
0.430279	-0.865035
0.431249	-0.862763
0.432218	-0.860438
0.433187	-0.858051
0.434156	-0.855605
0.435124	-0.853116
0.436093	-0.850599
0.437061	-0.848073
0.43803	-0.845554
0.438998	-0.84306
0.439966	-0.840611
0.440934	-0.838226
0.441903	-0.835921
0.442871	-0.833693
0.443839	-0.831529
0.444807	-0.829412
0.445775	-0.827324
0.446743	-0.825249
0.447711	-0.82317
0.448679	-0.821067
0.449646	-0.818922
0.450613	-0.816721
0.45158	-0.814462
0.452547	-0.812155
0.453514	-0.809811
0.45448	-0.807444
0.455447	-0.805065
0.456413	-0.802686
0.457379	-0.800319
0.458345	-0.797978
0.459311	-0.795672
0.460277	-0.793403
0.461243	-0.791169
0.462209	-0.788962
0.463175	-0.786776
0.464141	-0.784605
0.465106	-0.782443
0.466072	-0.780285
0.467037	-0.778124
0.468002	-0.775955
0.468967	-0.773775
0.469932	-0.771585
0.470897	-0.769387
0.471861	-0.76718
0.472826	-0.764966
0.47379	-0.762747
0.474754	-0.760521
0.475718	-0.758291
0.476682	-0.756056
0.477646	-0.753818
0.47861	-0.751576
0.479573	-0.749331
0.480537	-0.747083
0.4815	-0.744833
0.482463	-0.74258
0.483426	-0.740325
0.484389	-0.738067
0.485352	-0.735806
0.486315	-0.733539
0.487278	-0.731293
0.48824	-0.72904
0.489203	-0.726784
0.490165	-0.724593
0.491128	-0.722426
0.49209	-0.720279
0.493052	-0.718185
0.494015	-0.716142
0.494977	-0.714151
0.495939	-0.712202
0.496902	-0.71028
0.497864	-0.708372
0.498826	-0.706462
0.499787	-0.704535
0.500749	-0.702576
0.50171	-0.700565
0.502671	-0.698488
0.503632	-0.69634
0.504592	-0.694131
0.505553	-0.691874
0.506513	-0.689582
0.507473	-0.68727
0.508432	-0.68495
0.509392	-0.682637
0.510352	-0.680345
0.511311	-0.678088
0.512271	-0.675871
0.513231	-0.673695
0.51419	-0.671557
0.51515	-0.669451
0.516109	-0.667374
0.517069	-0.665324
0.518028	-0.663296
0.518987	-0.661289
0.519947	-0.6593
0.520906	-0.657325
0.521865	-0.655358
0.522824	-0.653394
0.523782	-0.651424
0.524741	-0.649443
0.525699	-0.647442
0.526657	-0.645414
0.527615	-0.643349
0.528573	-0.641238
0.52953	-0.63908
0.530487	-0.636882
0.531445	-0.634657
0.532401	-0.632417
0.533358	-0.630176
0.534315	-0.627947
0.535272	-0.625742
0.536229	-0.623579
0.537186	-0.621472
0.538143	-0.619426
0.539099	-0.617439
0.540056	-0.615497
0.541013	-0.613589
0.54197	-0.611703
0.542927	-0.609824
0.543883	-0.60794
0.544839	-0.606036
0.545795	-0.6041
0.546751	-0.602123
0.547706	-0.600105
0.548662	-0.598053
0.549617	-0.595972
0.550572	-0.593869
0.551527	-0.59175
0.552481	-0.589621
0.553436	-0.587488
0.55439	-0.585357
0.555344	-0.583232
0.556299	-0.581117
0.557253	-0.579013
0.558207	-0.576921
0.559161	-0.574842
0.560115	-0.57278
0.561069	-0.570735
0.562023	-0.56871
0.562976	-0.566707
0.56393	-0.564727
0.564884	-0.562768
0.565838	-0.560827
0.566791	-0.558897
0.567745	-0.556976
0.568698	-0.555057
0.569651	-0.553136
0.570604	-0.551208
0.571557	-0.549267
0.57251	-0.54731
0.573462	-0.545337
0.574415	-0.543351
0.575367	-0.541353
0.576319	-0.539347
0.577271	-0.537335
0.578222	-0.535321
0.579174	-0.533307
0.580126	-0.531295
0.581077	-0.529289
0.582029	-0.52729
0.58298	-0.525296
0.583931	-0.523307
0.584882	-0.521325
0.585833	-0.519347
0.586784	-0.517374
0.587735	-0.515405
0.588685	-0.51344
0.589636	-0.511478
0.590586	-0.50952
0.591536	-0.507564
0.592487	-0.505612
0.593437	-0.503662
0.594387	-0.501715
0.595336	-0.49977
0.596286	-0.497827
0.597236	-0.495886
0.598185	-0.493947
0.599135	-0.49201
0.600084	-0.490073
0.601033	-0.488137
0.601982	-0.4862
0.602931	-0.484263
0.60388	-0.482324
0.604828	-0.480383
0.605777	-0.478439
0.606725	-0.47649
0.607674	-0.474539
0.608622	-0.472586
0.60957	-0.470634
0.610518	-0.468685
0.611466	-0.466742
0.612413	-0.464807
0.613361	-0.462883
0.614309	-0.460974
0.615257	-0.459081
0.616204	-0.457204
0.617152	-0.455342
0.618099	-0.45349
0.619047	-0.451644
0.619994	-0.449802
0.620941	-0.447957
0.621888	-0.446107
0.622835	-0.444247
0.623781	-0.442372
0.624728	-0.440482
0.625674	-0.438578
0.62662	-0.436664
0.627566	-0.434743
0.628511	-0.432818
0.629457	-0.430892
0.630402	-0.42897
0.631348	-0.427054
0.632293	-0.425148
0.633239	-0.423254
0.634184	-0.421371
0.635129	-0.419499
0.636075	-0.417637
0.63702	-0.415784
0.637965	-0.413938
0.63891	-0.4121
0.639855	-0.410268
0.6408	-0.40844
0.641744	-0.406617
0.642689	-0.404797
0.643633	-0.402981
0.644578	-0.401168
0.645522	-0.399358
0.646467	-0.397551
0.647411	-0.395745
0.648355	-0.393942
0.649299	-0.39214
0.650243	-0.39034
0.651186	-0.38854
0.65213	-0.386741
0.653073	-0.384942
0.654017	-0.383141
0.65496	-0.381339
0.655903	-0.379534
0.656846	-0.377725
0.657789	-0.375912
0.658731	-0.374094
0.659674	-0.372273
0.660616	-0.370451
0.661558	-0.36863
0.662501	-0.366812
0.663443	-0.364999
0.664385	-0.363194
0.665327	-0.361401
0.666269	-0.35962
0.667211	-0.357854
0.668153	-0.356102
0.669095	-0.354363
0.670037	-0.352633
0.670979	-0.350911
0.671921	-0.349195
0.672863	-0.34748
0.673804	-0.345766
0.674746	-0.344047
0.675687	-0.342324
0.676628	-0.340596
0.677569	-0.338865
0.67851	-0.337133
0.679451	-0.335402
0.680391	-0.333675
0.681332	-0.331955
0.682273	-0.330243
0.683214	-0.328543
0.684155	-0.326857
0.685095	-0.325185
0.686036	-0.323525
0.686977	-0.321875
0.687917	-0.320232
0.688858	-0.318594
0.689798	-0.316957
0.690738	-0.315318
0.691678	-0.313675
0.692618	-0.312025
0.693558	-0.310367
0.694497	-0.308703
0.694497	-0.308703
0.695436	-0.307037
0.696376	-0.30537
0.697315	-0.303702
0.698254	-0.302037
0.699193	-0.300377
0.700132	-0.298724
0.701071	-0.297081
0.70201	-0.295448
0.702949	-0.293826
0.703889	-0.292215
0.704828	-0.290613
0.705767	-0.289021
0.706706	-0.287438
0.707645	-0.285862
0.708584	-0.284295
0.709523	-0.282733
0.710462	-0.281178
0.711401	-0.279628
0.71234	-0.278082
0.713278	-0.276539
0.714217	-0.274998
0.715155	-0.273458
0.716094	-0.271917
0.717032	-0.270376
0.71797	-0.268832
0.718908	-0.267285
0.719845	-0.265737
0.720783	-0.264188
0.721721	-0.262641
0.722658	-0.261097
0.723596	-0.259557
0.724533	-0.258024
0.725471	-0.256499
0.726409	-0.254984
0.727347	-0.253481
0.728285	-0.251989
0.729223	-0.250509
0.730161	-0.249039
0.731099	-0.247579
0.732037	-0.246129
0.732975	-0.244687
0.733913	-0.243252
0.734851	-0.241825
0.735789	-0.240403
0.736727	-0.238986
0.737665	-0.237573
0.738603	-0.236165
0.73954	-0.234759
0.740478	-0.233355
0.741416	-0.231953
0.742353	-0.230552
0.74329	-0.229151
0.744227	-0.22775
0.745164	-0.226349
0.746101	-0.224948
0.747038	-0.223549
0.747975	-0.222152
0.748912	-0.220758
0.749849	-0.219369
0.750786	-0.217985
0.751723	-0.216608
0.75266	-0.215238
0.753597	-0.213876
0.754535	-0.212523
0.755472	-0.211177
0.756409	-0.20984
0.757347	-0.208509
0.758284	-0.207186
0.759222	-0.20587
0.760159	-0.20456
0.761097	-0.203255
0.762034	-0.201956
0.762972	-0.200662
0.763909	-0.199372
0.764847	-0.198088
0.765784	-0.196807
0.766721	-0.195532
0.767659	-0.19426
0.768596	-0.192992
0.769533	-0.191729
0.770471	-0.190469
0.771408	-0.189212
0.772345	-0.18796
0.773283	-0.186712
0.77422	-0.185468
0.775157	-0.184229
0.776094	-0.182994
0.777032	-0.181764
0.777969	-0.180539
0.778907	-0.179319
0.779844	-0.178105
0.780782	-0.176896
0.78172	-0.175692
0.782657	-0.174494
0.783595	-0.173302
0.784533	-0.172114
0.785471	-0.170933
0.786409	-0.169757
0.787347	-0.168586
0.788285	-0.167421
0.789223	-0.166261
0.790161	-0.165106
0.791099	-0.163956
0.792037	-0.16281
0.792975	-0.161668
0.793913	-0.160529
0.794851	-0.159394
0.795789	-0.158262
0.796727	-0.157133
0.797665	-0.156006
0.798603	-0.154883
0.799541	-0.153764
0.800479	-0.152648
0.801417	-0.151536
0.802355	-0.150429
0.803294	-0.149327
0.804232	-0.14823
0.805171	-0.147139
0.806109	-0.146053
0.807048	-0.144973
0.807987	-0.143898
0.808926	-0.142828
0.809864	-0.141763
0.810803	-0.140702
0.811742	-0.139644
0.812681	-0.13859
0.813619	-0.137539
0.814558	-0.13649
0.815496	-0.135444
0.816435	-0.134402
0.817374	-0.133362
0.818313	-0.132325
0.819252	-0.131293
0.820191	-0.130264
0.82113	-0.129239
0.82207	-0.12822
0.823009	-0.127205
0.823949	-0.126195
0.824889	-0.12519
0.825829	-0.12419
0.826769	-0.123195
0.827709	-0.122205
0.82865	-0.12122
0.82959	-0.120239
0.830531	-0.119263
0.831471	-0.118292
0.832412	-0.117325
0.833352	-0.116361
0.834293	-0.115402
0.835233	-0.114446
0.836174	-0.113493
0.837114	-0.112543
0.838054	-0.111595
0.838995	-0.11065
0.839935	-0.109707
0.840875	-0.108766
0.841815	-0.107828
0.842756	-0.106891
0.843696	-0.105958
0.844637	-0.105027
0.845578	-0.104099
0.84652	-0.103175
0.847461	-0.102254
0.848403	-0.101338
0.849345	-0.100427
0.850287	-0.0995198
0.851229	-0.0986173
0.852172	-0.0977193
0.853114	-0.0968254
0.854056	-0.0959354
0.854998	-0.0950488
0.85594	-0.0941653
0.856881	-0.0932844
0.857823	-0.0924058
0.858765	-0.0915291
0.859707	-0.0906543
0.860649	-0.0897814
0.861591	-0.0889104
0.862533	-0.0880415
0.863476	-0.0871749
0.864419	-0.0863107
0.865362	-0.0854493
0.866305	-0.084591
0.867248	-0.0837359
0.868192	-0.0828842
0.869135	-0.082036
0.870079	-0.0811913
0.871023	-0.0803501
0.871967	-0.0795124
0.872911	-0.078678
0.873855	-0.077847
0.874799	-0.077019
0.875744	-0.0761941
0.876688	-0.0753722
0.877633	-0.0745531
0.878577	-0.0737369
0.879522	-0.0729236
0.880467	-0.072113
0.881412	-0.0713053
0.882357	-0.0705004
0.883303	-0.0696984
0.884248	-0.0688993
0.885194	-0.068103
0.88614	-0.0673096
0.887085	-0.0665191
0.888031	-0.0657313
0.888977	-0.0649464
0.889923	-0.0641642
0.89087	-0.0633847
0.891816	-0.0626078
0.892762	-0.0618336
0.893709	-0.0610619
0.894655	-0.0602927
0.895602	-0.0595259
0.896549	-0.0587616
0.897496	-0.0579997
0.898443	-0.0572401
0.89939	-0.0564829
0.900337	-0.0557278
0.901285	-0.0549749
0.902232	-0.0542242
0.90318	-0.0534756
0.904128	-0.0527293
0.905076	-0.0519851
0.906024	-0.0512431
0.906973	-0.0505034
0.907921	-0.0497661
0.90887	-0.0490312
0.909819	-0.0482988
0.910769	-0.0475689
0.911718	-0.0468417
0.912668	-0.0461172
0.913618	-0.0453954
0.914568	-0.0446764
0.915518	-0.0439601
0.916469	-0.0432467
0.91742	-0.0425362
0.91837	-0.0418287
0.919322	-0.041124
0.920273	-0.0404224
0.921224	-0.0397236
0.922175	-0.0390277
0.923127	-0.0383347
0.924079	-0.0376444
0.92503	-0.0369568
0.925982	-0.0362718
0.926934	-0.0355893
0.927887	-0.0349092
0.928839	-0.0342315
0.929792	-0.0335561
0.930744	-0.032883
0.931697	-0.0322122
0.932651	-0.0315438
0.933604	-0.0308777
0.934558	-0.0302141
0.935511	-0.029553
0.936465	-0.0288943
0.93742	-0.0282382
0.938374	-0.0275847
0.939329	-0.0269338
0.940283	-0.0262856
0.941238	-0.02564
0.942193	-0.024997
0.943149	-0.0243567
0.944104	-0.023719
0.94506	-0.023084
0.946016	-0.0224517
0.946973	-0.0218223
0.94793	-0.0211957
0.948887	-0.0205723
0.949844	-0.0199519
0.950801	-0.019335
0.951759	-0.0187215
0.952717	-0.0181117
0.953675	-0.0175056
0.954634	-0.0169032
0.955592	-0.0163046
0.956551	-0.0157097
0.95751	-0.0151185
0.958469	-0.0145308
0.959428	-0.0139466
0.960387	-0.0133657
0.961346	-0.0127882
0.962306	-0.012214
0.963266	-0.0116433
0.964226	-0.0110761
0.965186	-0.0105126
0.966147	-0.00995313
0.967108	-0.00939785
0.968069	-0.00884714
0.96903	-0.00830129
0.969992	-0.00776066
0.969992	-0.00776066
0.970954	-0.0072256
0.971916	-0.00669636
0.972878	-0.00617327
0.973841	-0.00565673
0.974803	-0.005147
0.975766	-0.00464448
0.97673	-0.0041496
0.977693	-0.00366286
0.978657	-0.00318496
0.979621	-0.00271669
0.980585	-0.00225902
0.981549	-0.00181305
0.982514	-0.0013802
0.983479	-0.000962007
0.984444	-0.000560602
0.98541	-0.000177917
0.986376	0.000182645
0.987342	0.000518957
0.988309	0.000824873
0.989276	0.00109726
0.990243	0.00132695
0.99121	0.0015027
0.992178	0.00162124
0.993146	0.00166014
0.994115	0.00155053
0.995084	0.00138466
0.996053	0.000795267
0.997022	0.000344497
0.997991	-0.00205608
0.99896	-0.0024195
0.999929	-0.0237525
)
