(title "Pressure Coefficient")
(labels "Position" "Pressure Coefficient")

((xy/key/label "lower")
0.0151799	-7.40403
0.0152279	-6.24129
0.015603	-4.15457
0.0161294	-2.46512
0.0167315	-1.43686
0.0173829	-0.791921
0.0180671	-0.364355
0.0187785	-0.0522182
0.0195126	0.180968
0.0202651	0.356974
0.021032	0.493151
0.0218112	0.600389
0.0226012	0.686335
0.0234005	0.756342
0.0242086	0.814301
0.0250251	0.862888
0.0258499	0.903778
0.0266826	0.937873
0.0275227	0.965505
0.0283695	0.986858
0.0292224	1.00161
0.0300806	1.01056
0.0309435	1.0144
0.0318107	1.01303
0.0326817	1.00833
0.0335562	1.00189
0.0344339	0.994787
0.0353146	0.988187
0.0361978	0.982419
0.0370834	0.977602
0.0379712	0.973599
0.038861	0.970195
0.039753	0.967187
0.0406471	0.964379
0.0415434	0.961618
0.0424418	0.958806
0.0433422	0.955878
0.0442448	0.952798
0.0451494	0.949553
0.046056	0.94614
0.0469642	0.942567
0.0478742	0.938846
0.0487857	0.934991
0.0496986	0.931011
0.0506128	0.926913
0.0515282	0.9227
0.0524448	0.918378
0.0533625	0.913957
0.0542814	0.90945
0.0552015	0.904869
0.0561228	0.900224
0.0570452	0.895525
0.0579688	0.890785
0.0588936	0.886018
0.0598195	0.881236
0.0607465	0.876444
0.0616746	0.871645
0.0626037	0.866843
0.0635337	0.86204
0.0644647	0.857238
0.0653965	0.852439
0.0663292	0.84764
0.0672626	0.84284
0.0681968	0.838038
0.0691318	0.833239
0.0700675	0.828449
0.0710039	0.823671
0.071941	0.818909
0.0728789	0.814164
0.0738175	0.80944
0.0747567	0.804739
0.0756967	0.800062
0.0766374	0.795413
0.0775787	0.790794
0.0785208	0.786208
0.0794635	0.781662
0.0804069	0.777158
0.081351	0.772697
0.0822957	0.768293
0.0832411	0.76395
0.0841872	0.759672
0.0851339	0.755452
0.0860812	0.751286
0.087029	0.747166
0.0879772	0.743082
0.088926	0.739026
0.0898752	0.734986
0.0908247	0.730951
0.0917747	0.726908
0.0927249	0.722854
0.0936756	0.718796
0.0946267	0.714743
0.0955782	0.710706
0.0965302	0.706696
0.0974826	0.702723
0.0984355	0.698797
0.0993889	0.694933
0.100343	0.691138
0.101297	0.687414
0.102252	0.683754
0.103208	0.680152
0.104163	0.676597
0.105119	0.673081
0.106076	0.669593
0.107033	0.666123
0.10799	0.662659
0.108947	0.659192
0.109905	0.655723
0.110863	0.65226
0.111822	0.648809
0.112781	0.645379
0.11374	0.641977
0.114699	0.638612
0.115659	0.635293
0.11662	0.632028
0.11758	0.628824
0.118541	0.625679
0.119503	0.622589
0.120465	0.619548
0.121427	0.616552
0.122389	0.613595
0.123352	0.610673
0.124315	0.607784
0.125279	0.604921
0.126242	0.602083
0.127206	0.599265
0.12817	0.596465
0.129135	0.59368
0.130099	0.590906
0.131064	0.588139
0.132029	0.585374
0.132995	0.582603
0.13396	0.579821
0.134926	0.577027
0.135892	0.574229
0.136858	0.571437
0.137824	0.568663
0.138791	0.565919
0.139758	0.563218
0.140726	0.560575
0.141693	0.558007
0.142661	0.555529
0.14363	0.553143
0.144599	0.550839
0.145568	0.548601
0.146537	0.546412
0.147506	0.544256
0.148476	0.542114
0.149446	0.539968
0.150415	0.537797
0.151385	0.535585
0.152355	0.533324
0.153326	0.531022
0.154296	0.528691
0.155266	0.526345
0.156237	0.523997
0.157208	0.521663
0.158179	0.519359
0.15915	0.517102
0.160122	0.514905
0.161094	0.512774
0.162066	0.510702
0.163038	0.508681
0.164011	0.506699
0.164983	0.504747
0.165956	0.502813
0.166929	0.500887
0.167902	0.498955
0.168875	0.497008
0.169849	0.495043
0.170822	0.493062
0.171796	0.491073
0.172769	0.489081
0.173743	0.487095
0.174717	0.485123
0.175691	0.483171
0.176666	0.481249
0.17764	0.479363
0.178615	0.477516
0.17959	0.475704
0.180565	0.473924
0.181541	0.472172
0.182516	0.470441
0.183492	0.468729
0.184467	0.467029
0.185443	0.465337
0.186419	0.463648
0.187395	0.46196
0.188371	0.460274
0.189348	0.45859
0.190324	0.45691
0.191301	0.455236
0.192277	0.453568
0.193254	0.451909
0.194231	0.45026
0.195208	0.448621
0.196186	0.446996
0.197163	0.445386
0.198141	0.443793
0.199118	0.44222
0.200096	0.44067
0.201074	0.439146
0.202052	0.437653
0.20303	0.436195
0.204009	0.434775
0.204987	0.43339
0.205966	0.432035
0.206945	0.4307
0.207924	0.429375
0.208903	0.428052
0.209882	0.426719
0.210861	0.425363
0.21184	0.423972
0.212819	0.422535
0.213798	0.421051
0.214777	0.419529
0.215757	0.41798
0.216736	0.416419
0.217716	0.414862
0.218695	0.413324
0.219675	0.411823
0.220655	0.410378
0.221636	0.409004
0.222616	0.407706
0.223597	0.406477
0.224577	0.405307
0.225558	0.404184
0.226539	0.403097
0.22752	0.402033
0.228502	0.40098
0.229483	0.399923
0.230464	0.398851
0.231445	0.397757
0.232427	0.39664
0.233408	0.3955
0.23439	0.394338
0.235371	0.393157
0.236353	0.391956
0.237334	0.390738
0.238316	0.389503
0.239298	0.388251
0.240279	0.386987
0.241261	0.385715
0.242243	0.384442
0.243225	0.383175
0.244207	0.381921
0.24519	0.380688
0.246172	0.379485
0.247155	0.37832
0.248137	0.377201
0.24912	0.376131
0.250103	0.375106
0.251086	0.37412
0.252069	0.373166
0.253052	0.372236
0.254036	0.371323
0.255019	0.370419
0.256003	0.369514
0.256986	0.368602
0.25797	0.367678
0.258953	0.366742
0.259937	0.365798
0.26092	0.364847
0.261904	0.363895
0.262888	0.362945
0.263872	0.362003
0.264856	0.361071
0.26584	0.360156
0.266824	0.359259
0.267808	0.358377
0.268793	0.357506
0.269777	0.356644
0.270761	0.355788
0.270761	0.355788
0.271746	0.354927
0.27273	0.354049
0.273715	0.353154
0.274699	0.352234
0.275684	0.351287
0.276668	0.350316
0.277653	0.349327
0.278637	0.348328
0.279622	0.347327
0.280607	0.346333
0.281592	0.345357
0.282577	0.344409
0.283562	0.343498
0.284547	0.34263
0.285532	0.341804
0.286518	0.341015
0.287503	0.340257
0.288488	0.339524
0.289474	0.338808
0.29046	0.338102
0.291445	0.337398
0.292431	0.336688
0.293417	0.335967
0.294402	0.335232
0.295388	0.334484
0.296374	0.333724
0.29736	0.332951
0.298346	0.332167
0.299332	0.331374
0.300318	0.330572
0.301304	0.329762
0.30229	0.328947
0.303276	0.328127
0.304262	0.327305
0.305248	0.326482
0.306234	0.325661
0.30722	0.324844
0.308207	0.324033
0.309193	0.323231
0.310179	0.322439
0.311166	0.321659
0.312152	0.320893
0.313139	0.320142
0.314126	0.319404
0.315112	0.318681
0.316099	0.317972
0.317086	0.317277
0.318073	0.316597
0.31906	0.315932
0.320047	0.315282
0.321034	0.314647
0.322021	0.314025
0.323009	0.313417
0.323996	0.31282
0.324983	0.312236
0.325971	0.311662
0.326958	0.311099
0.327945	0.310545
0.328933	0.31
0.32992	0.309462
0.330908	0.308927
0.331896	0.308392
0.332883	0.307852
0.333871	0.307305
0.334858	0.306743
0.335846	0.306164
0.336834	0.305561
0.337821	0.30493
0.338809	0.304272
0.339797	0.303591
0.340784	0.302897
0.341772	0.302196
0.34276	0.301498
0.343748	0.300813
0.344736	0.300154
0.345724	0.29953
0.346712	0.298951
0.3477	0.29842
0.348688	0.297929
0.349677	0.297469
0.350665	0.297027
0.351653	0.296592
0.352642	0.296149
0.35363	0.295684
0.354618	0.29518
0.355606	0.294623
0.356595	0.294009
0.357583	0.293343
0.358571	0.292635
0.359559	0.291899
0.360547	0.29115
0.361536	0.290407
0.362524	0.289687
0.363512	0.289011
0.364501	0.288397
0.36549	0.287854
0.366479	0.287377
0.367468	0.286957
0.368457	0.286581
0.369446	0.286236
0.370435	0.285905
0.371424	0.285574
0.372413	0.285225
0.373402	0.284844
0.374391	0.284419
0.375379	0.28395
0.376368	0.283441
0.377357	0.2829
0.378346	0.282334
0.379335	0.281753
0.380324	0.281168
0.381313	0.28059
0.382302	0.28003
0.383291	0.279496
0.38428	0.278988
0.38527	0.278503
0.386259	0.278037
0.387248	0.277582
0.388237	0.277132
0.389227	0.276679
0.390216	0.276216
0.391205	0.275734
0.392195	0.275227
0.393184	0.274698
0.394173	0.27415
0.395163	0.273593
0.396152	0.273035
0.397141	0.272485
0.398131	0.271954
0.39912	0.271455
0.40011	0.270998
0.4011	0.270591
0.40209	0.270233
0.403079	0.269918
0.404069	0.269635
0.405059	0.269374
0.406049	0.269121
0.407039	0.268864
0.408029	0.268588
0.409019	0.26828
0.410009	0.267928
0.410998	0.267526
0.411988	0.267078
0.412978	0.266589
0.413968	0.266066
0.414957	0.265517
0.415947	0.264952
0.416937	0.26438
0.417926	0.263813
0.418916	0.26326
0.419906	0.262727
0.420896	0.262216
0.421886	0.261727
0.422876	0.26126
0.423866	0.260812
0.424856	0.260383
0.425846	0.25997
0.426837	0.259572
0.427827	0.259186
0.428817	0.258812
0.429807	0.258448
0.430798	0.258093
0.431788	0.257747
0.432778	0.25741
0.433769	0.257082
0.434759	0.256761
0.43575	0.256447
0.43674	0.256141
0.43773	0.255842
0.438721	0.255546
0.439711	0.255251
0.440702	0.254953
0.441692	0.25465
0.442683	0.254338
0.443673	0.254013
0.444664	0.253669
0.445654	0.253304
0.446645	0.252915
0.447635	0.252505
0.448625	0.25208
0.449616	0.251644
0.450606	0.251205
0.451597	0.25077
0.452587	0.250349
0.453578	0.249949
0.454569	0.249579
0.455559	0.249245
0.45655	0.248944
0.457541	0.248671
0.458532	0.248417
0.459523	0.248174
0.460513	0.247931
0.461504	0.247679
0.462495	0.247406
0.463486	0.2471
0.464476	0.246753
0.465467	0.246364
0.466457	0.245938
0.467448	0.245481
0.468439	0.245002
0.469429	0.244511
0.47042	0.24402
0.47141	0.24354
0.472401	0.243084
0.473392	0.242662
0.474383	0.242278
0.475374	0.241928
0.476365	0.241605
0.477356	0.241304
0.478347	0.241009
0.479338	0.240709
0.480329	0.240397
0.481319	0.240062
0.48231	0.239697
0.483301	0.239299
0.484292	0.238872
0.485283	0.238425
0.486274	0.237968
0.487265	0.237511
0.488256	0.237069
0.489247	0.236654
0.490238	0.236281
0.491229	0.235962
0.49222	0.235701
0.493212	0.235491
0.494203	0.235323
0.495194	0.235184
0.496186	0.23506
0.497177	0.234937
0.498169	0.2348
0.49916	0.234632
0.500151	0.234418
0.501142	0.23415
0.502133	0.233828
0.503124	0.233457
0.504115	0.233047
0.505106	0.232608
0.506097	0.232152
0.507088	0.231691
0.508079	0.231241
0.509071	0.230815
0.510062	0.230423
0.511053	0.230066
0.512044	0.229741
0.513036	0.229444
0.514027	0.229169
0.515019	0.228908
0.51601	0.228654
0.517001	0.228399
0.517993	0.228136
0.518984	0.227857
0.519975	0.227562
0.520967	0.227251
0.521958	0.226925
0.52295	0.226588
0.523941	0.226242
0.524932	0.225891
0.525923	0.225538
0.526915	0.225188
0.527906	0.224845
0.528898	0.224509
0.529889	0.224183
0.530881	0.223868
0.531872	0.223564
0.532864	0.223272
0.533855	0.222992
0.534847	0.222726
0.535838	0.222474
0.53683	0.222236
0.537822	0.22201
0.538813	0.221794
0.539805	0.221583
0.540797	0.221374
0.541788	0.221162
0.54278	0.220943
0.543771	0.220712
0.544763	0.220464
0.545754	0.220193
0.546746	0.2199
0.547737	0.219584
0.548729	0.219248
0.54972	0.218896
0.550712	0.218531
0.551703	0.218158
0.552695	0.217781
0.553686	0.217405
0.554678	0.217035
0.555669	0.216674
0.556661	0.216323
0.557653	0.215984
0.558644	0.215655
0.559636	0.215338
0.560628	0.21503
0.561619	0.214733
0.562611	0.214444
0.563603	0.214165
0.564594	0.213893
0.565586	0.213628
0.566578	0.213369
0.56757	0.213114
0.568561	0.212862
0.569553	0.212612
0.570545	0.212363
0.571537	0.212113
0.572529	0.211861
0.57352	0.211605
0.574512	0.211346
0.575504	0.211081
0.576496	0.210812
0.577487	0.210536
0.578479	0.210255
0.579471	0.209967
0.580463	0.209672
0.581454	0.209369
0.582446	0.209059
0.583438	0.208742
0.58443	0.208421
0.585421	0.208096
0.586413	0.207771
0.587405	0.207448
0.588397	0.207128
0.589389	0.206816
0.59038	0.206514
0.591372	0.206223
0.592364	0.205944
0.593356	0.205676
0.594348	0.205416
0.59534	0.205162
0.596332	0.20491
0.597324	0.204658
0.598316	0.204403
0.599308	0.204139
0.600299	0.203866
0.601291	0.203582
0.602283	0.203289
0.603275	0.20299
0.604267	0.202687
0.605259	0.202386
0.606251	0.202089
0.607243	0.201802
0.608235	0.201529
0.609227	0.201274
0.610219	0.201039
0.611211	0.200821
0.612203	0.200616
0.613195	0.200419
0.614187	0.200225
0.615179	0.200029
0.616171	0.199823
0.617163	0.199601
0.618155	0.199357
0.619147	0.199088
0.620139	0.198795
0.621131	0.19848
0.622123	0.198148
0.623114	0.197804
0.624106	0.197453
0.625098	0.197102
0.62609	0.196757
0.627082	0.196425
0.628074	0.19611
0.629066	0.195812
0.630058	0.195531
0.63105	0.195262
0.632042	0.195004
0.633034	0.194751
0.634026	0.194499
0.635018	0.194244
0.636011	0.193981
0.637003	0.193707
0.637995	0.193422
0.638987	0.193128
0.639979	0.192827
0.640971	0.192523
0.641963	0.19222
0.642955	0.191923
0.643947	0.191635
0.644939	0.191362
0.645931	0.191107
0.646923	0.19087
0.647915	0.190648
0.648908	0.190437
0.6499	0.190233
0.650892	0.190031
0.651884	0.189825
0.652876	0.189609
0.652876	0.189609
0.653868	0.189378
0.654861	0.189125
0.655853	0.18885
0.656845	0.188553
0.657837	0.188239
0.658829	0.187911
0.659821	0.187573
0.660813	0.187232
0.661805	0.186892
0.662797	0.186559
0.663789	0.18624
0.664781	0.185936
0.665773	0.185648
0.666765	0.185373
0.667758	0.185108
0.66875	0.18485
0.669742	0.184596
0.670734	0.184342
0.671726	0.184084
0.672719	0.183817
0.673711	0.18354
0.674703	0.183254
0.675695	0.18296
0.676687	0.182663
0.677679	0.182365
0.678671	0.18207
0.679664	0.181783
0.680656	0.181508
0.681648	0.181249
0.68264	0.181009
0.683633	0.180785
0.684625	0.180575
0.685617	0.180375
0.68661	0.180179
0.687602	0.179982
0.688594	0.17978
0.689587	0.179565
0.690579	0.179332
0.691571	0.179078
0.692563	0.1788
0.693555	0.178503
0.694548	0.178189
0.69554	0.177863
0.696532	0.177529
0.697524	0.177193
0.698516	0.176861
0.699508	0.176539
0.700501	0.176232
0.701493	0.175941
0.702485	0.175665
0.703478	0.175404
0.70447	0.175154
0.705462	0.174912
0.706455	0.174677
0.707447	0.174444
0.708439	0.17421
0.709432	0.173972
0.710424	0.173729
0.711416	0.17348
0.712409	0.173225
0.713401	0.172965
0.714393	0.1727
0.715385	0.172432
0.716378	0.172162
0.71737	0.17189
0.718362	0.171618
0.719355	0.171345
0.720347	0.171073
0.721339	0.170799
0.722332	0.170524
0.723324	0.170247
0.724316	0.169966
0.725309	0.169681
0.726301	0.169391
0.727293	0.169094
0.728285	0.16879
0.729278	0.168481
0.73027	0.168168
0.731262	0.167854
0.732255	0.167539
0.733247	0.167227
0.734239	0.16692
0.735232	0.166621
0.736224	0.166332
0.737216	0.166054
0.738209	0.165789
0.739201	0.165533
0.740194	0.165287
0.741186	0.165048
0.742179	0.164814
0.743171	0.164584
0.744164	0.164354
0.745156	0.164124
0.746148	0.16389
0.747141	0.163653
0.748133	0.163412
0.749126	0.163168
0.750118	0.16292
0.751111	0.162669
0.752103	0.162415
0.753096	0.16216
0.754088	0.161903
0.75508	0.161644
0.756073	0.161385
0.757065	0.161125
0.758058	0.160864
0.75905	0.160602
0.760043	0.160338
0.761035	0.160073
0.762028	0.159807
0.76302	0.159538
0.764012	0.159267
0.765005	0.158995
0.765997	0.15872
0.76699	0.158444
0.767982	0.158165
0.768975	0.157886
0.769967	0.157604
0.770959	0.157322
0.771952	0.157039
0.772944	0.156755
0.773937	0.15647
0.774929	0.156184
0.775922	0.155895
0.776914	0.155604
0.777907	0.15531
0.778899	0.155012
0.779891	0.154709
0.780884	0.1544
0.781876	0.154084
0.782869	0.153762
0.783861	0.153434
0.784854	0.153103
0.785846	0.152769
0.786838	0.152437
0.787831	0.152107
0.788823	0.151783
0.789816	0.151467
0.790808	0.151162
0.791801	0.150869
0.792793	0.150588
0.793786	0.150318
0.794779	0.150057
0.795771	0.149803
0.796764	0.149554
0.797756	0.149308
0.798749	0.149062
0.799742	0.148814
0.800734	0.148562
0.801727	0.148305
0.802719	0.148043
0.803712	0.147775
0.804705	0.1475
0.805697	0.147219
0.80669	0.146932
0.807682	0.146639
0.808675	0.146339
0.809667	0.146033
0.81066	0.145723
0.811652	0.14541
0.812645	0.145097
0.813637	0.144786
0.81463	0.14448
0.815623	0.144182
0.816615	0.143895
0.817608	0.143622
0.818601	0.143366
0.819593	0.143125
0.820586	0.142897
0.821579	0.142678
0.822572	0.142464
0.823564	0.142249
0.824557	0.14203
0.82555	0.1418
0.826542	0.141554
0.827535	0.141287
0.828528	0.140997
0.82952	0.140686
0.830513	0.140357
0.831505	0.140014
0.832498	0.13966
0.83349	0.139301
0.834483	0.138943
0.835476	0.138591
0.836468	0.13825
0.837461	0.137924
0.838453	0.137612
0.839446	0.137314
0.840439	0.137027
0.841432	0.13675
0.842424	0.13648
0.843417	0.136214
0.84441	0.135948
0.845403	0.135681
0.846395	0.135409
0.847388	0.135132
0.848381	0.134849
0.849374	0.134559
0.850366	0.134261
0.851359	0.133956
0.852352	0.133643
0.853344	0.133321
0.854337	0.132991
0.85533	0.132654
0.856322	0.132309
0.857315	0.131961
0.858308	0.131611
0.8593	0.131262
0.860293	0.130918
0.861286	0.130581
0.862279	0.130256
0.863271	0.129945
0.864264	0.129651
0.865257	0.129371
0.86625	0.129103
0.867243	0.128843
0.868236	0.128584
0.869228	0.128322
0.870221	0.128051
0.871214	0.127764
0.872207	0.127454
0.8732	0.127118
0.874192	0.126754
0.875185	0.126366
0.876178	0.12596
0.87717	0.125542
0.878163	0.125119
0.879156	0.124699
0.880148	0.124291
0.881141	0.123905
0.882134	0.123548
0.883127	0.123221
0.88412	0.122923
0.885113	0.122647
0.886106	0.122389
0.887099	0.122142
0.888092	0.121897
0.889085	0.121648
0.890078	0.121385
0.891071	0.121102
0.892064	0.120794
0.893057	0.120462
0.894049	0.120109
0.895042	0.119737
0.896035	0.119351
0.897028	0.118955
0.898021	0.118555
0.899014	0.118157
0.900007	0.117765
0.900999	0.117384
0.901992	0.117013
0.902985	0.116651
0.903978	0.116296
0.904971	0.115945
0.905964	0.115596
0.906957	0.115244
0.90795	0.114888
0.908943	0.114522
0.909936	0.114146
0.910929	0.113759
0.911922	0.113363
0.912915	0.11296
0.913908	0.112551
0.914901	0.112139
0.915894	0.111728
0.916887	0.11132
0.91788	0.110918
0.918873	0.110525
0.918873	0.110525
0.919866	0.11014
0.920859	0.109761
0.921852	0.109385
0.922846	0.10901
0.923839	0.108631
0.924832	0.108245
0.925825	0.107848
0.926818	0.107435
0.927811	0.107005
0.928804	0.106558
0.929797	0.106095
0.93079	0.105621
0.931783	0.10514
0.932777	0.104657
0.93377	0.104176
0.934763	0.103705
0.935756	0.103247
0.936749	0.102809
0.937743	0.10239
0.938736	0.101989
0.939729	0.101602
0.940723	0.101225
0.941716	0.100853
0.94271	0.100481
0.943703	0.100104
0.944696	0.0997152
0.94569	0.0993102
0.946683	0.0988864
0.947676	0.0984437
0.94867	0.0979833
0.949663	0.0975067
0.950656	0.0970162
0.95165	0.0965142
0.952643	0.0960036
0.953637	0.0954874
0.95463	0.0949682
0.955623	0.0944476
0.956617	0.0939255
0.95761	0.0934013
0.958604	0.0928738
0.959597	0.0923419
0.960591	0.0918039
0.961585	0.0912581
0.962578	0.0907026
0.963572	0.0901355
0.964565	0.0895555
0.965559	0.0889616
0.966552	0.0883533
0.967546	0.08773
0.96854	0.0870912
0.969533	0.0864363
0.970527	0.0857645
0.971521	0.0850751
0.972515	0.0843675
0.973508	0.0836419
0.974502	0.0829
0.975496	0.0821438
0.97649	0.0813759
0.977484	0.0805991
0.978478	0.0798164
0.979472	0.0790309
0.980466	0.0782463
0.98146	0.0774647
0.982454	0.0766846
0.983448	0.0758991
0.984442	0.0750977
0.985437	0.0742674
0.986431	0.0733938
0.987425	0.0724586
0.98842	0.0714444
0.989414	0.070322
0.990408	0.0690778
0.991403	0.0676538
0.992397	0.0660807
0.993391	0.0641915
0.994385	0.0622081
0.995379	0.0595247
0.996373	0.0571948
0.997368	0.0517522
0.998362	0.0472038
0.999356	0.0164354
)
