(title "Skin Friction Coefficient")
(labels "Position" "Skin Friction Coefficient")

((xy/key/label "upper")
0.00723399	0.0119074
0.00762288	0.0115962
0.00803711	0.011332
0.00847636	0.0109847
0.00893851	0.0106418
0.00941767	0.0106596
0.00991024	0.0110157
0.0104202	0.0111185
0.0109516	0.0106673
0.011502	0.0101028
0.0120662	0.00990499
0.0126422	0.00994248
0.0132317	0.00983495
0.0138363	0.00948263
0.0144544	0.00906507
0.0150832	0.00881933
0.0157207	0.0088009
0.0163669	0.0088493
0.0170221	0.00882494
0.0176866	0.00872327
0.0183599	0.00858361
0.0190417	0.00844198
0.0197314	0.00831626
0.0204285	0.00820341
0.0211329	0.00809957
0.021844	0.00800443
0.0225617	0.00791921
0.0232856	0.00784689
0.0240154	0.0077917
0.0247509	0.00775351
0.0254918	0.00772228
0.0262382	0.00768568
0.02699	0.00763673
0.0277471	0.0075729
0.0285094	0.00749402
0.0292769	0.0074005
0.0300495	0.00729131
0.0308271	0.00716463
0.0316095	0.00702493
0.0323966	0.00688551
0.0331881	0.00676025
0.0339836	0.00665817
0.0347828	0.0065831
0.0355856	0.00653292
0.0363918	0.00649989
0.0372013	0.00647671
0.038014	0.00646125
0.0388298	0.00645426
0.0396486	0.0064552
0.0404704	0.00645866
0.0412952	0.00645644
0.0421231	0.00644258
0.0429541	0.00641358
0.0437881	0.00636646
0.0446253	0.00630078
0.0454655	0.00622203
0.0463088	0.00613876
0.0471549	0.00605671
0.0480038	0.0059784
0.0488553	0.00590568
0.0497095	0.00583967
0.0505662	0.00577955
0.0514253	0.00572341
0.0522867	0.00566957
0.0531505	0.00561711
0.0540166	0.00556568
0.0548849	0.00551514
0.0557553	0.00546548
0.0566278	0.00541687
0.0575024	0.00536966
0.058379	0.00532427
0.0592576	0.00528113
0.060138	0.00524073
0.0610203	0.00520358
0.0619043	0.00517023
0.0627901	0.00514128
0.0636777	0.00511665
0.0645668	0.00509509
0.0654576	0.00507492
0.06635	0.00505511
0.0672441	0.00503546
0.0681396	0.00501557
0.0690368	0.00499526
0.0699355	0.0049747
0.0708356	0.00495401
0.0717373	0.00493291
0.0726405	0.00491072
0.0735451	0.00488678
0.0744512	0.00486069
0.0753588	0.00483211
0.0762677	0.00480073
0.0771781	0.00476622
0.07809	0.00472818
0.0790032	0.00468616
0.0799178	0.00464051
0.0808338	0.00459283
0.0817511	0.00454506
0.0826697	0.00449847
0.0835895	0.00445378
0.0845106	0.00441153
0.0854329	0.00437217
0.0863563	0.00433589
0.0872808	0.00430307
0.0882064	0.00427419
0.0891331	0.00424911
0.0900609	0.00422669
0.0909896	0.0042056
0.0919194	0.00418507
0.0928501	0.00416465
0.0937819	0.00414405
0.0947147	0.00412307
0.0956484	0.00410158
0.0965831	0.0040795
0.0975187	0.00405671
0.0984552	0.00403322
0.0993927	0.00400919
0.100331	0.00398496
0.10127	0.00396085
0.102211	0.00393708
0.103152	0.00391377
0.104093	0.00389107
0.105036	0.00386909
0.10598	0.00384793
0.106924	0.00382776
0.107869	0.00380877
0.108815	0.003791
0.109762	0.00377412
0.110709	0.00375747
0.111657	0.00374044
0.112606	0.00372267
0.113556	0.00370394
0.114506	0.00368407
0.115457	0.00366285
0.116409	0.00364009
0.117362	0.00361557
0.118315	0.00358912
0.119269	0.00356051
0.120224	0.00352995
0.121179	0.00349834
0.122136	0.00346671
0.123092	0.00343572
0.12405	0.0034058
0.125008	0.00337728
0.125966	0.00335045
0.126926	0.00332554
0.127886	0.00330278
0.128846	0.00328241
0.129807	0.00326473
0.130768	0.00324996
0.13173	0.0032378
0.132693	0.00322739
0.133656	0.00321789
0.134619	0.00320875
0.135583	0.00319961
0.136548	0.00319026
0.137513	0.0031805
0.138478	0.00317018
0.139444	0.00315921
0.140411	0.00314751
0.141378	0.00313496
0.142345	0.0031215
0.143313	0.00310714
0.144282	0.00309196
0.14525	0.00307606
0.14622	0.00305953
0.14719	0.0030424
0.14816	0.00302476
0.149131	0.0030063
0.150102	0.00298745
0.151073	0.00296798
0.152045	0.00294756
0.153018	0.00292649
0.153991	0.00290449
0.154964	0.00288167
0.155938	0.00285837
0.156912	0.00283522
0.157886	0.00281274
0.158861	0.00279126
0.159837	0.00277107
0.160812	0.00275241
0.161788	0.0027355
0.162765	0.0027205
0.163741	0.00270763
0.164718	0.00269713
0.165696	0.00268924
0.166673	0.0026842
0.167651	0.00268189
0.16863	0.00268147
0.169608	0.00268176
0.170587	0.00268193
0.171566	0.00268162
0.172546	0.00268
0.173525	0.00267693
0.174505	0.00267197
0.175486	0.00266509
0.176467	0.0026559
0.177448	0.00264378
0.178429	0.00262887
0.179411	0.00261069
0.180393	0.0025895
0.181375	0.0025663
0.182358	0.0025423
0.183341	0.00251832
0.184324	0.00249489
0.185307	0.00247248
0.186291	0.00245145
0.187275	0.00243206
0.188259	0.0024146
0.189244	0.00239937
0.190229	0.0023866
0.191214	0.00237659
0.192199	0.00236958
0.193184	0.00236541
0.19417	0.00236335
0.195156	0.00236252
0.196142	0.00236221
0.197128	0.00236193
0.198115	0.00236135
0.199101	0.0023602
0.200088	0.00235821
0.201075	0.00235515
0.202063	0.00235083
0.20305	0.00234511
0.204038	0.00233781
0.205026	0.0023287
0.206014	0.0023178
0.207003	0.00230549
0.207991	0.00229229
0.20898	0.00227856
0.209969	0.00226455
0.210958	0.00225048
0.211948	0.00223651
0.212937	0.00222275
0.213927	0.0022093
0.214917	0.00219625
0.215908	0.00218368
0.216898	0.00217171
0.217888	0.00216041
0.218879	0.00214978
0.21987	0.00213977
0.220861	0.00213022
0.221852	0.00212098
0.222844	0.00211198
0.223835	0.00210312
0.224827	0.00209436
0.225819	0.00208564
0.226811	0.00207692
0.227803	0.0020682
0.228795	0.00205946
0.229788	0.00205064
0.230781	0.00204176
0.231773	0.00203281
0.232766	0.00202375
0.233759	0.00201466
0.234752	0.0020056
0.235746	0.00199662
0.236739	0.00198775
0.237733	0.00197902
0.238727	0.00197045
0.23972	0.00196205
0.240714	0.00195387
0.241709	0.00194594
0.242703	0.00193825
0.243697	0.00193082
0.244692	0.0019237
0.245686	0.0019169
0.246681	0.00191035
0.247676	0.00190389
0.248671	0.0018974
0.249666	0.00189085
0.250661	0.00188416
0.251656	0.00187726
0.252651	0.0018701
0.253647	0.00186263
0.254642	0.00185484
0.255638	0.00184669
0.256634	0.0018381
0.25763	0.00182901
0.258626	0.00181944
0.259622	0.00180944
0.260618	0.00179915
0.261614	0.00178876
0.262611	0.00177842
0.263607	0.00176824
0.264604	0.00175831
0.2656	0.0017487
0.266597	0.00173948
0.267594	0.00173073
0.268591	0.00172249
0.269588	0.00171481
0.270585	0.00170776
0.271582	0.00170143
0.272579	0.00169584
0.273576	0.00169085
0.274574	0.00168622
0.275571	0.00168175
0.276568	0.00167729
0.277566	0.00167268
0.278564	0.00166783
0.279561	0.00166266
0.280559	0.00165707
0.281557	0.00165098
0.282555	0.00164433
0.283553	0.00163707
0.284551	0.00162915
0.285549	0.00162046
0.286547	0.00161102
0.287545	0.00160099
0.288543	0.00159058
0.289541	0.00157992
0.29054	0.00156916
0.291538	0.00155842
0.292537	0.00154773
0.293535	0.00153718
0.294534	0.00152686
0.295532	0.00151682
0.296531	0.00150708
0.29753	0.00149772
0.298528	0.00148878
0.299527	0.00148027
0.300526	0.00147222
0.301525	0.00146457
0.302524	0.00145726
0.303523	0.00145025
0.304521	0.0014435
0.30552	0.00143698
0.306519	0.00143067
0.307519	0.00142458
0.308518	0.0014187
0.309517	0.00141302
0.310516	0.00140751
0.311515	0.00140218
0.312514	0.00139702
0.313513	0.00139202
0.314513	0.00138713
0.315512	0.00138229
0.316511	0.00137739
0.317511	0.00137237
0.31851	0.00136713
0.319509	0.0013616
0.320509	0.00135578
0.321508	0.00134963
0.322507	0.00134306
0.323507	0.001336
0.324506	0.00132846
0.325506	0.00132042
0.326505	0.0013118
0.327505	0.00130259
0.328504	0.00129292
0.329504	0.001283
0.330503	0.00127305
0.331503	0.00126329
0.332502	0.00125388
0.333502	0.00124493
0.334501	0.00123652
0.335501	0.00122879
0.3365	0.00122187
0.3375	0.00121584
0.3385	0.00121077
0.339499	0.00120677
0.340499	0.00120392
0.341498	0.00120229
0.342498	0.0012017
0.343497	0.00120174
0.344497	0.00120203
0.345496	0.00120226
0.346496	0.00120217
0.347496	0.00120157
0.348495	0.00120026
0.349495	0.00119806
0.350494	0.00119481
0.351494	0.00119034
0.352493	0.0011845
0.353493	0.0011772
0.354492	0.00116828
0.355492	0.00115765
0.356491	0.00114558
0.35749	0.00113255
0.35849	0.00111901
0.359489	0.00110525
0.360489	0.0010915
0.361488	0.00107801
0.362487	0.00106497
0.363486	0.00105257
0.364486	0.00104097
0.365485	0.00103026
0.366484	0.00102058
0.367483	0.0010121
0.368483	0.00100494
0.369482	0.000999123
0.370481	0.000994469
0.37148	0.000990688
0.372479	0.000987506
0.373478	0.000984687
0.374477	0.000982038
0.375476	0.00097941
0.376475	0.000976624
0.377474	0.000973577
0.378473	0.000970177
0.379472	0.000966325
0.380471	0.00096193
0.38147	0.000956849
0.382469	0.000951003
0.383467	0.000944369
0.384466	0.000937018
0.385465	0.000929117
0.386463	0.00092083
0.387462	0.00091228
0.388461	0.000903564
0.389459	0.000894734
0.390458	0.000885816
0.391456	0.000876911
0.392454	0.000868096
0.393453	0.000859388
0.394451	0.000850843
0.395449	0.0008425
0.396447	0.000834388
0.397445	0.000826523
0.398444	0.000818843
0.399442	0.00081118
0.40044	0.000803341
0.401437	0.000795244
0.402435	0.00078686
0.403433	0.00077809
0.404431	0.000768822
0.405429	0.000759117
0.406426	0.000748865
0.406426	0.000748865
0.407424	0.000737797
0.408421	0.000726022
0.409419	0.00071358
0.410416	0.000700369
0.411414	0.000686439
0.412411	0.000671883
0.413408	0.000656835
0.414405	0.000641468
0.415402	0.000625915
0.416399	0.000610224
0.417396	0.000594457
0.418393	0.000578746
0.419389	0.000563145
0.420386	0.000547666
0.421383	0.000532411
0.422379	0.000517428
0.423376	0.000502696
0.424372	0.000488257
0.425368	0.000474154
0.426364	0.000460325
0.427361	0.000446662
0.428357	0.000433128
0.429353	0.000419688
0.430349	0.000406256
0.431344	0.000392783
0.43234	0.000379291
0.433336	0.000365754
0.434331	0.000352121
0.435327	0.000338408
0.436322	0.000324613
0.437318	0.000310703
0.438313	0.000296649
0.439308	0.000282479
0.440303	0.000268322
0.441298	0.000254259
0.442293	0.000240306
0.443287	0.000226514
0.444282	0.000212941
0.445277	0.000199682
0.446271	0.000186775
0.447266	0.000174189
0.44826	0.00016195
0.449254	0.000150078
0.450248	0.00013859
0.451242	0.000127538
0.452236	0.000116941
0.45323	0.00010675
0.454224	9.68762e-05
0.455218	8.72355e-05
0.456211	7.78178e-05
0.457205	6.85813e-05
0.458198	5.9433e-05
0.459192	5.03287e-05
0.460185	4.12538e-05
0.461178	3.22157e-05
0.462171	2.32183e-05
0.463164	1.42139e-05
0.464157	5.16672e-06
0.46515	4.51565e-06
0.466142	1.29199e-05
0.467135	2.19378e-05
0.468127	3.0878e-05
0.469119	3.96632e-05
0.470111	4.82455e-05
0.471103	5.66087e-05
0.472095	6.47171e-05
0.473086	7.2554e-05
0.474078	8.00927e-05
0.475069	8.72929e-05
0.476061	9.4152e-05
0.477052	0.000100709
0.478043	0.000106963
0.479034	0.000112865
0.480025	0.000118431
0.481016	0.000123697
0.482006	0.000128673
0.482997	0.000133365
0.483988	0.000137778
0.484978	0.00014195
0.485969	0.000145901
0.486959	0.000149649
0.487949	0.00015321
0.488939	0.000156571
0.489929	0.000159757
0.490919	0.000162799
0.491909	0.000165676
0.492899	0.000168392
0.493888	0.000170982
0.494878	0.000173446
0.495867	0.0001758
0.496856	0.000178051
0.497846	0.000180182
0.498835	0.000182197
0.499824	0.000184116
0.500813	0.000185972
0.501801	0.000187758
0.50279	0.000189455
0.503778	0.000191085
0.504767	0.000192646
0.505755	0.00019414
0.506743	0.000195583
0.507731	0.00019697
0.508719	0.000198284
0.509707	0.000199554
0.510695	0.000200808
0.511682	0.000202046
0.512669	0.000203284
0.513657	0.000204524
0.514644	0.000205781
0.515631	0.000207061
0.516618	0.000208374
0.517604	0.000209719
0.518591	0.000211103
0.519578	0.000212532
0.520564	0.000214003
0.521551	0.000215525
0.522537	0.000217087
0.523523	0.000218649
0.524509	0.000220235
0.525495	0.000221906
0.526481	0.000223809
0.527467	0.000225793
0.528452	0.000229735
0.529438	0.000238295
0.530423	0.000250131
0.531409	0.000271301
0.532394	0.000316529
0.533379	0.000388574
0.534364	0.000476693
0.535349	0.00056876
0.536334	0.000655819
0.537319	0.000733303
0.538304	0.000800996
0.539289	0.00086072
0.540273	0.0009147
0.541258	0.000966679
0.542242	0.00102122
0.543226	0.0010833
0.54421	0.00115934
0.545194	0.00124931
0.546178	0.00134194
0.547162	0.00142114
0.548146	0.00147114
0.54913	0.00147938
0.550113	0.0014408
0.551097	0.00135617
0.552081	0.00122916
0.553064	0.00106773
0.554047	0.000879714
0.55503	0.000672883
0.556013	0.000449401
0.556996	0.000216701
0.557979	0.000113753
0.558962	0.000235386
0.559945	0.000444929
0.560927	0.000644408
0.561909	0.000838826
0.562892	0.0010268
0.563874	0.00120556
0.564856	0.0013732
0.565838	0.00152878
0.56682	0.00167206
0.567802	0.00180328
0.568784	0.00192317
0.569765	0.00203243
0.570747	0.00213176
0.571728	0.00222203
0.572709	0.0023043
0.573691	0.00237958
0.574672	0.00244887
0.575653	0.00251318
0.576634	0.00257322
0.577615	0.00262949
0.578595	0.00268244
0.579576	0.0027325
0.580557	0.00278005
0.581537	0.00282527
0.582518	0.00286819
0.583498	0.00290895
0.584479	0.00294767
0.585459	0.00298435
0.586439	0.0030192
0.587419	0.0030524
0.5884	0.00308403
0.58938	0.00311427
0.59036	0.00314323
0.591339	0.00317099
0.592319	0.00319751
0.593299	0.00322279
0.594278	0.00324694
0.595258	0.00327021
0.596237	0.00329273
0.597217	0.00331445
0.598196	0.0033354
0.599175	0.00335578
0.600155	0.0033756
0.601134	0.0033948
0.602113	0.00341342
0.603092	0.00343143
0.60407	0.00344889
0.605049	0.00346583
0.606028	0.00348233
0.607006	0.00349824
0.607985	0.00351334
0.608963	0.00352774
0.609942	0.00354158
0.61092	0.00355497
0.611898	0.00356796
0.612876	0.00358056
0.613854	0.00359274
0.614832	0.00360449
0.61581	0.00361585
0.616788	0.00362683
0.617765	0.00363739
0.618743	0.00364756
0.619721	0.00365738
0.620698	0.00366682
0.621675	0.00367581
0.622653	0.00368436
0.62363	0.00369245
0.624607	0.00370008
0.625584	0.00370745
0.626561	0.00371471
0.627537	0.00372188
0.628514	0.00372909
0.629491	0.00373637
0.630467	0.00374368
0.631444	0.00375093
0.63242	0.00375805
0.633397	0.00376523
0.634373	0.00377258
0.635349	0.00378016
0.636325	0.00378805
0.637301	0.00379638
0.638277	0.00380523
0.639253	0.00381439
0.640229	0.00382346
0.641205	0.00383222
0.642181	0.00384056
0.643156	0.00384837
0.644132	0.00385564
0.645108	0.00386231
0.646083	0.00386836
0.647059	0.00387379
0.648034	0.00387851
0.649009	0.0038825
0.649984	0.00388566
0.650959	0.0038879
0.651934	0.00388922
0.652909	0.00388949
0.653884	0.0038889
0.654858	0.00388798
0.655833	0.00388713
0.656807	0.00388651
0.657782	0.00388619
0.658756	0.00388622
0.65973	0.00388654
0.660704	0.00388716
0.661679	0.00388816
0.662653	0.00388959
0.663626	0.00389156
0.6646	0.00389407
0.665574	0.00389711
0.666548	0.00390088
0.667522	0.00390542
0.668495	0.00391048
0.669469	0.00391555
0.670443	0.00392027
0.671416	0.00392459
0.67239	0.00392852
0.673363	0.00393207
0.674336	0.00393525
0.67531	0.00393801
0.676283	0.00394036
0.677256	0.00394229
0.678229	0.0039438
0.679202	0.00394483
0.680175	0.00394531
0.681148	0.00394521
0.682121	0.0039445
0.683094	0.00394327
0.684066	0.00394175
0.685039	0.00394019
0.686011	0.00393869
0.686984	0.0039373
0.687956	0.00393602
0.688929	0.00393478
0.689901	0.0039336
0.690873	0.00393248
0.691845	0.00393139
0.692817	0.00393039
0.693789	0.00392951
0.694761	0.00392875
0.695733	0.00392814
0.696704	0.00392765
0.697676	0.00392729
0.698648	0.00392702
0.699619	0.00392667
0.700591	0.00392626
0.701562	0.00392594
0.702534	0.00392557
0.703505	0.00392505
0.704476	0.0039245
0.705448	0.00392399
0.706419	0.00392356
0.70739	0.00392312
0.708361	0.00392261
0.709332	0.00392213
0.710303	0.0039217
0.711274	0.00392132
0.712245	0.00392097
0.713215	0.00392059
0.714186	0.00392016
0.715157	0.00391963
0.716128	0.003919
0.717098	0.00391831
0.718069	0.00391758
0.719039	0.00391673
0.720009	0.00391575
0.72098	0.0039146
0.72195	0.00391329
0.72292	0.00391188
0.72389	0.00391038
0.724861	0.00390876
0.725831	0.00390706
0.726801	0.00390527
0.72777	0.00390337
0.72874	0.00390137
0.72971	0.00389929
0.73068	0.00389712
0.73165	0.00389481
0.732619	0.00389238
0.733589	0.00388986
0.734558	0.00388723
0.735528	0.00388446
0.736497	0.00388157
0.737466	0.00387856
0.738435	0.00387539
0.739404	0.00387201
0.740374	0.00386832
0.741343	0.0038644
0.742311	0.00386039
0.74328	0.00385645
0.744249	0.00385269
0.745218	0.00384904
0.746187	0.00384547
0.747155	0.00384207
0.748124	0.00383885
0.749092	0.00383575
0.750061	0.0038328
0.751029	0.00383002
0.751998	0.00382742
0.752966	0.00382501
0.753934	0.00382288
0.754902	0.00382104
0.755871	0.00381944
0.756839	0.00381803
0.757807	0.00381668
0.758775	0.00381526
0.759743	0.00381386
0.760711	0.0038125
0.761679	0.00381111
0.762647	0.00380969
0.763615	0.00380824
0.764583	0.00380684
0.765551	0.00380543
0.766518	0.00380403
0.767486	0.0038027
0.768454	0.0038014
0.769422	0.00380018
0.770389	0.00379909
0.771357	0.00379804
0.772324	0.00379689
0.773292	0.00379553
0.774259	0.00379394
0.775227	0.00379208
0.776194	0.00379002
0.777161	0.00378777
0.778128	0.00378523
0.779096	0.0037823
0.780063	0.00377904
0.78103	0.00377543
0.781997	0.00377144
0.782964	0.00376694
0.78393	0.00376183
0.784897	0.00375619
0.785864	0.00375017
0.78683	0.00374406
0.787797	0.0037381
0.788763	0.00373241
0.78973	0.00372693
0.790696	0.00372171
0.791662	0.00371682
0.792629	0.00371223
0.793595	0.00370792
0.794561	0.0037039
0.795527	0.00370016
0.796493	0.00369679
0.797459	0.00369386
0.798425	0.00369137
0.799391	0.00368935
0.800357	0.00368776
0.801323	0.00368645
0.802289	0.00368516
0.803255	0.00368378
0.804221	0.00368239
0.805187	0.00368103
0.806153	0.00367967
0.807119	0.00367829
0.808084	0.00367691
0.80905	0.00367553
0.810016	0.00367413
0.810982	0.00367277
0.811947	0.00367147
0.812913	0.0036702
0.813879	0.00366897
0.814844	0.00366779
0.81581	0.00366663
0.816776	0.00366544
0.817741	0.00366412
0.818707	0.00366256
0.819672	0.00366083
0.820637	0.00365894
0.821603	0.00365683
0.822568	0.0036545
0.823534	0.00365201
0.824499	0.00364931
0.825464	0.00364631
0.826429	0.00364305
0.827394	0.00363948
0.828359	0.00363553
0.829324	0.00363121
0.830289	0.00362662
0.831254	0.00362198
0.832219	0.00361746
0.833184	0.00361312
0.834149	0.00360891
0.835113	0.00360484
0.836078	0.00360092
0.837042	0.0035972
0.838007	0.00359362
0.838972	0.00359022
0.839936	0.00358703
0.8409	0.00358404
0.841865	0.00358127
0.842829	0.00357873
0.843794	0.00357643
0.844758	0.00357432
0.845722	0.00357227
0.846687	0.00357018
0.847651	0.00356805
0.848615	0.00356584
0.849579	0.00356358
0.850543	0.0035613
0.851508	0.00355898
0.852472	0.00355658
0.853436	0.00355411
0.8544	0.00355161
0.855364	0.00354909
0.856328	0.00354653
0.857292	0.00354397
0.858256	0.0035414
0.85922	0.00353877
0.860184	0.00353608
0.861148	0.00353333
0.862112	0.00353061
0.863075	0.0035279
0.864039	0.00352518
0.865003	0.00352247
0.865967	0.00351977
0.86693	0.00351708
0.867894	0.00351436
0.868858	0.00351159
0.869821	0.00350883
0.870785	0.00350607
0.871749	0.00350329
0.872712	0.0035005
0.873676	0.00349772
0.874639	0.00349495
0.875603	0.00349212
0.876566	0.0034892
0.877529	0.0034862
0.878493	0.00348314
0.879456	0.00348
0.880419	0.00347671
0.881383	0.00347323
0.882346	0.00346928
0.883309	0.0034675
0.884272	0.00346641
0.884272	0.00346641
0.885235	0.00346028
0.886198	0.00345445
0.887161	0.00345132
0.888124	0.00344758
0.889087	0.00344378
0.89005	0.00343978
0.891013	0.0034358
0.891976	0.00343185
0.892939	0.00342797
0.893902	0.00342416
0.894864	0.00342047
0.895827	0.00341692
0.89679	0.00341348
0.897753	0.00341016
0.898715	0.00340696
0.899678	0.00340389
0.900641	0.003401
0.901603	0.00339833
0.902566	0.00339592
0.903529	0.00339373
0.904491	0.00339163
0.905454	0.00338957
0.906417	0.00338746
0.907379	0.00338523
0.908342	0.00338294
0.909304	0.00338061
0.910267	0.00337817
0.911229	0.00337562
0.912192	0.00337299
0.913155	0.00337027
0.914117	0.00336744
0.91508	0.00336452
0.916042	0.00336151
0.917004	0.00335837
0.917967	0.00335506
0.918929	0.00335162
0.919892	0.00334813
0.920854	0.00334469
0.921817	0.00334132
0.922779	0.00333805
0.923741	0.00333492
0.924704	0.00333191
0.925666	0.00332902
0.926628	0.00332625
0.92759	0.0033236
0.928553	0.00332107
0.929515	0.00331869
0.930477	0.00331656
0.93144	0.00331468
0.932402	0.00331306
0.933364	0.00331171
0.934327	0.0033105
0.935289	0.00330919
0.936251	0.00330765
0.937213	0.00330585
0.938176	0.00330378
0.939138	0.00330139
0.9401	0.00329874
0.941062	0.0032958
0.942024	0.00329255
0.942987	0.00328896
0.943949	0.00328501
0.944911	0.00328062
0.945873	0.00327577
0.946835	0.00327038
0.947797	0.00326436
0.948759	0.0032578
0.94972	0.00325114
0.950682	0.00324471
0.951644	0.00323862
0.952606	0.00323282
0.953567	0.00322736
0.954529	0.00322224
0.955491	0.00321745
0.956452	0.00321303
0.957414	0.00320899
0.958375	0.00320533
0.959337	0.00320211
0.960299	0.0031994
0.96126	0.00319723
0.962222	0.00319567
0.963184	0.00319477
0.964145	0.00319424
0.965107	0.00319371
0.966069	0.00319296
0.967031	0.00319194
0.967992	0.00319066
0.968954	0.00318911
0.969916	0.00318726
0.970878	0.00318515
0.971839	0.00318274
0.972801	0.00318
0.973763	0.00317695
0.974725	0.00317357
0.975686	0.00316982
0.976648	0.00316559
0.97761	0.00316084
0.978571	0.00315569
0.979533	0.00315042
0.980494	0.00314525
0.981456	0.00314025
0.982417	0.00313545
0.983379	0.00313084
0.98434	0.00312641
0.985302	0.00312218
0.986263	0.00311819
0.987225	0.00311443
0.988186	0.00311091
0.989148	0.0031076
0.990109	0.00310453
0.991071	0.00310177
0.992032	0.00309935
0.992994	0.00309726
0.993955	0.00309543
0.994917	0.00309364
0.995878	0.00309175
0.99684	0.00308973
0.997801	0.00308757
0.998763	0.00308526
0.999725	0.00308281
1.00069	0.00308027
1.00165	0.0030776
1.00261	0.00307475
1.00357	0.00307181
1.00453	0.00306872
1.00549	0.00306544
1.00646	0.00306196
1.00742	0.00305827
1.00838	0.00305438
1.00934	0.00305042
1.0103	0.00304643
1.01126	0.00304251
1.01222	0.00303877
1.01319	0.00303512
1.01415	0.00303148
1.01511	0.00302795
1.01607	0.00302455
1.01703	0.00302124
1.01799	0.00301808
1.01896	0.00301501
1.01992	0.00301204
1.02088	0.00300924
1.02184	0.00300667
1.0228	0.00300431
1.02376	0.00300202
1.02472	0.00299968
1.02569	0.00299728
1.02665	0.00299479
1.02761	0.00299218
1.02857	0.0029894
1.02953	0.00298653
1.03049	0.00298355
1.03146	0.0029804
1.03242	0.00297704
1.03338	0.00297355
1.03434	0.00296995
1.0353	0.00296615
1.03626	0.00296208
1.03722	0.00295775
1.03819	0.00295321
1.03915	0.00294858
1.04011	0.00294402
1.04107	0.00293962
1.04203	0.00293536
1.04299	0.0029313
1.04396	0.00292743
1.04492	0.00292373
1.04588	0.00292021
1.04684	0.00291695
1.0478	0.00291395
1.04876	0.00291119
1.04972	0.00290865
1.05069	0.00290636
1.05165	0.00290447
1.05261	0.00290298
1.05357	0.00290177
1.05453	0.00290058
1.05549	0.00289923
1.05646	0.0028977
1.05742	0.00289597
1.05838	0.00289402
1.05934	0.00289184
1.0603	0.00288947
1.06126	0.00288691
1.06223	0.0028841
1.06319	0.00288097
1.06415	0.00287753
1.06511	0.0028738
1.06607	0.00286972
1.06703	0.00286523
1.068	0.00286037
1.06896	0.00285536
1.06992	0.00285036
1.07088	0.0028454
1.07184	0.00284057
1.0728	0.00283592
1.07377	0.0028314
1.07473	0.00282702
1.07569	0.00282273
1.07665	0.00281852
1.07761	0.00281449
1.07857	0.00281057
1.07954	0.00280671
1.0805	0.00280298
1.08146	0.00279938
1.08242	0.00279593
1.08338	0.00279262
1.08434	0.00278946
1.08531	0.0027864
1.08627	0.00278341
1.08723	0.00278052
1.08819	0.00277778
1.08915	0.00277518
1.09012	0.0027727
1.09108	0.00277038
1.09204	0.00276825
1.093	0.00276633
1.09396	0.00276463
1.09493	0.0027632
1.09589	0.00276209
1.09685	0.00276133
1.09781	0.00276092
1.09877	0.00276063
1.09974	0.00276019
1.1007	0.00275951
1.10166	0.00275853
1.10262	0.00275722
1.10359	0.00275559
1.10455	0.00275365
1.10551	0.00275138
1.10647	0.00274879
1.10744	0.0027458
1.1084	0.0027424
1.10936	0.00273853
1.11032	0.00273417
1.11129	0.00272918
1.11225	0.00272351
1.11321	0.00271742
1.11417	0.00271128
1.11513	0.00270534
1.1161	0.00269967
1.11706	0.0026943
1.11802	0.00268926
1.11898	0.00268455
1.11995	0.00268016
1.12091	0.00267614
1.12187	0.00267251
1.12283	0.00266928
1.1238	0.00266644
1.12476	0.00266398
1.12572	0.00266206
1.12668	0.00266076
1.12765	0.00265998
1.12861	0.00265944
1.12957	0.00265885
1.13053	0.00265805
1.1315	0.00265702
1.13246	0.0026558
1.13342	0.00265438
1.13438	0.00265267
1.13535	0.00265071
1.13631	0.00264852
1.13727	0.00264606
1.13824	0.00264332
1.1392	0.0026403
1.14016	0.00263691
1.14112	0.00263311
1.14209	0.00262895
1.14305	0.00262451
1.14401	0.00262001
1.14498	0.00261559
1.14594	0.00261129
1.1469	0.00260714
1.14787	0.00260312
1.14883	0.00259929
1.14979	0.0025956
1.15075	0.00259203
1.15172	0.00258861
1.15268	0.00258535
1.15364	0.00258226
1.15461	0.00257935
1.15557	0.00257663
1.15653	0.00257409
1.1575	0.00257174
1.15846	0.00256947
1.15942	0.00256724
1.16039	0.00256504
1.16135	0.00256284
1.16231	0.00256064
1.16328	0.00255844
1.16424	0.00255626
1.1652	0.00255409
1.16617	0.00255193
1.16713	0.0025498
1.16809	0.00254774
1.16906	0.00254572
1.17002	0.00254376
1.17099	0.00254191
1.17195	0.00254018
1.17291	0.00253847
1.17388	0.00253668
1.17484	0.00253472
1.17581	0.00253259
1.17677	0.0025303
1.17773	0.00252782
1.1787	0.00252519
1.17966	0.00252238
1.18063	0.00251936
1.18159	0.0025161
1.18255	0.00251258
1.18352	0.0025088
1.18448	0.00250473
1.18545	0.00250029
1.18641	0.00249543
1.18737	0.00249028
1.18834	0.00248511
1.1893	0.00248008
1.19027	0.00247526
1.19123	0.00247065
1.19219	0.0024663
1.19316	0.00246222
1.19412	0.0024584
1.19509	0.00245484
1.19605	0.00245161
1.19701	0.00244872
1.19798	0.00244613
1.19894	0.0024439
1.19991	0.00244207
1.20087	0.00244073
1.20184	0.00243982
1.2028	0.00243911
1.20377	0.0024384
1.20473	0.00243758
1.2057	0.00243657
1.20666	0.00243538
1.20763	0.00243403
1.20859	0.00243249
1.20956	0.00243076
1.21052	0.00242888
1.21149	0.00242684
1.21245	0.00242461
1.21342	0.00242221
1.21438	0.00241959
1.21535	0.00241668
1.21631	0.00241352
1.21728	0.00241022
1.21824	0.00240687
1.21921	0.0024035
1.22017	0.00240014
1.22114	0.00239682
1.2221	0.00239352
1.22307	0.00239028
1.22403	0.00238707
1.225	0.00238387
1.22596	0.00238069
1.22693	0.00237752
1.2279	0.00237439
1.22886	0.0023713
1.22983	0.00236819
1.23079	0.00236505
1.23176	0.00236194
1.23272	0.00235887
1.23369	0.00235583
1.23465	0.00235285
1.23562	0.00234995
1.23659	0.00234714
1.23755	0.00234439
1.23852	0.00234171
1.23948	0.00233913
1.24045	0.00233663
1.24142	0.00233423
1.24238	0.00233196
1.24335	0.00232984
1.24431	0.00232788
1.24528	0.00232609
1.24625	0.00232444
1.24721	0.00232283
1.24818	0.00232117
1.24915	0.00231943
1.25011	0.00231759
1.25108	0.00231566
1.25205	0.00231365
1.25301	0.00231154
1.25398	0.00230929
1.25495	0.00230691
1.25591	0.0023044
1.25688	0.00230172
1.25785	0.00229891
1.25881	0.00229597
1.25978	0.00229282
1.26075	0.00228947
1.26171	0.002286
1.26268	0.00228251
1.26365	0.00227904
1.26461	0.00227563
1.26558	0.00227231
1.26655	0.00226907
1.26751	0.0022659
1.26848	0.00226279
1.26945	0.00225976
1.27042	0.00225679
1.27138	0.00225393
1.27235	0.00225114
1.27332	0.00224842
1.27428	0.0022458
1.27525	0.00224328
1.27622	0.00224085
1.27719	0.00223846
1.27815	0.00223608
1.27912	0.00223371
1.28009	0.00223136
1.28106	0.00222903
1.28203	0.00222669
1.28299	0.00222433
1.28396	0.00222197
1.28493	0.00221966
1.2859	0.00221739
1.28686	0.00221511
1.28783	0.00221286
1.2888	0.00221067
1.28977	0.00220853
1.29074	0.00220642
1.29171	0.00220428
1.29267	0.00220211
1.29364	0.0021999
1.29461	0.00219765
1.29558	0.00219535
1.29655	0.00219299
1.29752	0.00219058
1.29848	0.00218811
1.29945	0.00218558
1.30042	0.00218299
1.30139	0.00218031
1.30236	0.00217755
1.30333	0.00217468
1.3043	0.00217166
1.30526	0.00216854
1.30623	0.00216537
1.3072	0.00216226
1.30817	0.00215925
1.30914	0.00215633
1.31011	0.0021535
1.31108	0.00215076
1.31205	0.00214815
1.31302	0.00214566
1.31399	0.00214327
1.31496	0.00214099
1.31592	0.00213888
1.31689	0.0021369
1.31786	0.00213509
1.31883	0.0021335
1.3198	0.00213209
1.32077	0.0021308
1.32174	0.00212951
1.32271	0.00212818
1.32368	0.00212678
1.32465	0.00212531
1.32562	0.00212376
1.32659	0.00212215
1.32756	0.00212046
1.32853	0.00211868
1.3295	0.00211682
1.33047	0.00211489
1.33144	0.00211289
1.33241	0.0021108
1.33338	0.00210862
1.33435	0.00210635
1.33532	0.002104
1.3363	0.00210158
1.33727	0.00209912
1.33824	0.00209663
1.33921	0.00209411
1.34018	0.00209154
1.34115	0.00208895
1.34212	0.00208631
1.34309	0.00208359
1.34406	0.00208084
1.34503	0.00207803
1.346	0.00207514
1.34697	0.00207215
1.34795	0.00206905
1.34892	0.00206582
1.34989	0.00206252
1.35086	0.00205922
1.35183	0.002056
1.3528	0.00205287
1.35377	0.00204983
1.35474	0.00204687
1.35571	0.002044
1.35669	0.00204121
1.35766	0.00203852
1.35863	0.00203596
1.3596	0.0020335
1.36057	0.00203116
1.36154	0.00202896
1.36252	0.00202691
1.36349	0.00202503
1.36446	0.00202328
1.36543	0.00202157
1.3664	0.00201985
1.36738	0.0020181
1.36835	0.00201629
1.36932	0.00201446
1.37029	0.00201261
1.37126	0.00201069
1.37224	0.00200872
1.37321	0.00200672
1.37418	0.00200468
1.37515	0.0020026
1.37613	0.00200046
1.3771	0.00199824
1.37807	0.00199595
1.37905	0.00199362
1.38002	0.00199131
1.38099	0.00198904
1.38196	0.00198682
1.38294	0.0019847
1.38391	0.00198267
1.38488	0.0019807
1.38586	0.00197882
1.38683	0.00197704
1.3878	0.00197535
1.38878	0.0019738
1.38975	0.00197239
1.39072	0.00197117
1.3917	0.00197015
1.39267	0.00196937
1.39365	0.00196877
1.39462	0.0019682
1.39559	0.00196748
1.39657	0.00196653
1.39754	0.00196532
1.39852	0.00196384
1.39949	0.0019621
1.40046	0.00196008
1.40144	0.00195775
1.40241	0.0019551
1.40339	0.0019521
1.40436	0.00194874
1.40533	0.00194499
1.40533	0.00194499
1.40631	0.00194075
1.40728	0.00193583
1.40826	0.00193043
1.40923	0.00192489
1.41021	0.00191943
1.41118	0.00191422
1.41215	0.0019093
1.41313	0.00190469
1.4141	0.00190041
1.41508	0.00189647
1.41605	0.00189287
1.41703	0.00188964
1.418	0.00188679
1.41898	0.00188437
1.41995	0.00188246
1.42092	0.00188113
1.4219	0.00188046
1.42287	0.00188036
1.42385	0.00188046
1.42482	0.00188036
1.4258	0.00187989
1.42677	0.00187897
1.42775	0.00187757
1.42873	0.00187568
1.4297	0.00187327
1.43068	0.00187031
1.43165	0.00186679
1.43263	0.0018627
1.4336	0.00185797
1.43458	0.00185254
1.43555	0.0018463
1.43653	0.00183912
1.4375	0.00183114
1.43848	0.00182286
1.43945	0.00181471
1.44043	0.00180684
1.4414	0.00179932
1.44238	0.00179218
1.44335	0.00178544
1.44433	0.0017791
1.4453	0.00177317
1.44628	0.00176768
1.44725	0.00176264
1.44823	0.00175808
1.44921	0.00175409
1.45018	0.00175076
1.45116	0.00174816
1.45213	0.00174601
1.45311	0.00174387
1.45408	0.00174141
1.45506	0.00173852
1.45603	0.00173514
1.45701	0.00173127
1.45799	0.00172687
1.45896	0.0017219
1.45994	0.00171637
1.46091	0.00171021
1.46189	0.00170338
1.46287	0.00169582
1.46384	0.00168739
1.46482	0.001678
1.46579	0.00166785
1.46677	0.00165745
1.46775	0.00164724
1.46872	0.00163738
1.4697	0.00162792
1.47067	0.00161888
1.47165	0.00161022
1.47263	0.00160198
1.4736	0.00159414
1.47458	0.00158666
1.47555	0.00157981
1.47653	0.00157371
1.47751	0.0015677
1.47848	0.00156142
1.47946	0.00155498
1.48044	0.00155034
1.48141	0.00154837
1.48239	0.00154737
1.48337	0.00154665
1.48435	0.00154692
1.48532	0.0015486
1.4863	0.00155222
1.48728	0.00155793
1.48826	0.00156611
1.48924	0.00157716
1.49022	0.00159188
1.4912	0.00160885
1.49218	0.00162946
1.49316	0.00165019
1.49414	0.00167621
1.49512	0.0016986
1.4961	0.00174386
1.49708	0.00175208
1.49806	0.001874
1.49904	0.0019309
1.50002	0.00230814
1.501	0.00208459
)
