(title "Skin Friction Coefficient")
(labels "Position" "Skin Friction Coefficient")

((xy/key/label "lower")
0.00243989	0.0345753
0.00256345	0.0308829
0.00279218	0.0212778
0.00338461	0.00783845
0.00407042	0.00196861
0.00480902	0.00107604
0.00558215	0.0029116
0.00638132	0.00406736
0.0072003	0.004783
0.00803542	0.00530781
0.00888395	0.00564176
0.00974438	0.0058512
0.0106157	0.0059603
0.0114967	0.0059822
0.0123863	0.0059519
0.0132831	0.00589999
0.014186	0.00584016
0.0150941	0.00578022
0.0160069	0.0057177
0.0169237	0.00565375
0.0178442	0.00559639
0.0187679	0.0055464
0.0196945	0.00549948
0.0206239	0.00545082
0.021556	0.00539779
0.0224906	0.00534101
0.0234275	0.00528098
0.0243668	0.00521978
0.0253082	0.00515936
0.0262516	0.00509648
0.027197	0.00503022
0.0281442	0.00496263
0.0290932	0.00489465
0.0300438	0.00482798
0.0309959	0.00476448
0.0319494	0.00470558
0.0329043	0.00465275
0.0338604	0.00460678
0.0348176	0.00456576
0.0357759	0.00452651
0.0367354	0.00448665
0.0367354	0.00448665
0.0376959	0.00444439
0.0386575	0.00439937
0.0396201	0.00435228
0.0405837	0.00430427
0.0415482	0.00425689
0.0425137	0.0042112
0.04348	0.00416795
0.0444471	0.00412783
0.045415	0.00409064
0.0463836	0.00405474
0.047353	0.00401825
0.0483232	0.00398009
0.049294	0.00393952
0.0502656	0.00389611
0.0512379	0.00385054
0.0522108	0.00380543
0.0531844	0.00376354
0.0541586	0.00372597
0.0551332	0.00369378
0.0561084	0.00366812
0.0570841	0.00364784
0.0580602	0.00362915
0.0590368	0.00360842
0.0600139	0.00358361
0.0609915	0.00355329
0.0619697	0.0035167
0.0629483	0.00347548
0.0639274	0.00343381
0.064907	0.00339546
0.065887	0.00336256
0.0668674	0.00333669
0.0678481	0.00331868
0.0688291	0.00330672
0.0698105	0.00329638
0.0707921	0.00328372
0.0717742	0.00326651
0.0727566	0.00324319
0.0737395	0.0032129
0.0747227	0.00317719
0.0757063	0.00313983
0.0766903	0.00310403
0.0776746	0.00307158
0.0786592	0.0030437
0.079644	0.00302098
0.0806291	0.00300257
0.0816145	0.00298649
0.0826002	0.00297104
0.083586	0.00295538
0.0845722	0.0029391
0.0855586	0.00292188
0.0865453	0.00290342
0.0875322	0.00288343
0.0885194	0.00286158
0.0895068	0.0028375
0.0904945	0.00281074
0.0914825	0.00278118
0.0924707	0.00274998
0.0934592	0.00271955
0.0944478	0.00269213
0.0954367	0.00266919
0.0964257	0.00265188
0.0974149	0.00264083
0.0984043	0.00263466
0.0993938	0.00262993
0.100383	0.00262335
0.101373	0.00261286
0.102363	0.00259688
0.103354	0.00257452
0.104344	0.00254702
0.105335	0.00251799
0.106325	0.00249084
0.107316	0.00246773
0.108308	0.00245022
0.109299	0.00243931
0.11029	0.00243412
0.111282	0.0024316
0.112273	0.00242857
0.113265	0.00242303
0.114257	0.00241354
0.115249	0.00239917
0.116241	0.00238043
0.117233	0.00235968
0.118226	0.00233949
0.119218	0.00232151
0.120211	0.00230689
0.121204	0.00229645
0.122197	0.00228976
0.12319	0.00228458
0.124183	0.0022783
0.125176	0.00226914
0.126169	0.00225578
0.127163	0.00223725
0.128156	0.00221389
0.12915	0.00218803
0.130144	0.00216245
0.131138	0.00213901
0.132132	0.00211896
0.133126	0.00210327
0.134121	0.00209209
0.135115	0.00208443
0.136109	0.00207888
0.137104	0.00207452
0.138098	0.00207089
0.139093	0.00206769
0.140088	0.00206456
0.141082	0.00206086
0.142077	0.00205585
0.143072	0.00204892
0.144067	0.00203956
0.145062	0.00202734
0.146057	0.00201221
0.147053	0.00199498
0.148048	0.00197684
0.149044	0.0019587
0.150039	0.00194109
0.151035	0.00192441
0.15203	0.00190895
0.153026	0.00189493
0.154022	0.00188255
0.155018	0.00187197
0.156014	0.00186342
0.15701	0.00185717
0.158006	0.00185324
0.159002	0.00185103
0.159998	0.00184933
0.160994	0.00184708
0.16199	0.00184359
0.162987	0.0018383
0.163983	0.00183087
0.164979	0.00182143
0.165976	0.00181052
0.166972	0.00179861
0.167969	0.0017859
0.168966	0.00177211
0.169962	0.00175758
0.170959	0.00174385
0.171956	0.00173051
0.171956	0.00173051
0.172953	0.00171678
0.17395	0.00170315
0.174947	0.00168968
0.175944	0.00167651
0.176941	0.00166397
0.177938	0.00165274
0.178935	0.00164353
0.179932	0.00163694
0.18093	0.00163353
0.181927	0.0016337
0.182924	0.00163695
0.183921	0.00164136
0.184919	0.00164462
0.185916	0.00164493
0.186913	0.00164094
0.187911	0.00163153
0.188908	0.00161684
0.189906	0.00159896
0.190904	0.00158066
0.191901	0.00156412
0.192899	0.00155079
0.193897	0.00154171
0.194894	0.00153734
0.195892	0.00153629
0.19689	0.00153633
0.197888	0.00153575
0.198885	0.00153334
0.199883	0.00152812
0.200881	0.00151972
0.201879	0.00150898
0.202877	0.00149753
0.203875	0.00148678
0.204873	0.00147768
0.205871	0.00147095
0.206869	0.00146697
0.207867	0.00146515
0.208865	0.00146405
0.209863	0.00146239
0.210862	0.00145926
0.21186	0.00145388
0.212858	0.00144596
0.213856	0.00143549
0.214854	0.00142405
0.215853	0.00141255
0.216851	0.00140141
0.217849	0.00139169
0.218848	0.00138345
0.219846	0.00137682
0.220845	0.00137135
0.221843	0.00136656
0.222841	0.00136213
0.22384	0.00135785
0.224838	0.00135355
0.225837	0.00134908
0.226835	0.00134426
0.227834	0.00133893
0.228833	0.00133293
0.229831	0.00132611
0.23083	0.00131836
0.231828	0.00130987
0.232827	0.00130138
0.233826	0.00129381
0.234824	0.00128797
0.235823	0.00128437
0.236822	0.00128376
0.23782	0.00128585
0.238819	0.00128946
0.239818	0.00129306
0.240816	0.00129482
0.241815	0.00129365
0.242814	0.00128842
0.243813	0.00127913
0.244811	0.00126644
0.24581	0.00125218
0.246809	0.0012384
0.247808	0.00122597
0.248807	0.00121586
0.249806	0.00120863
0.250805	0.00120414
0.251804	0.00120166
0.252803	0.00120046
0.253801	0.00120009
0.2548	0.00120025
0.255799	0.00120068
0.256798	0.00120116
0.257797	0.00120142
0.258796	0.00120124
0.259795	0.00120044
0.260794	0.00119885
0.261793	0.00119631
0.262792	0.00119271
0.263791	0.00118798
0.26479	0.00118204
0.265789	0.00117481
0.266788	0.0011662
0.267787	0.00115612
0.268786	0.00114491
0.269785	0.00113357
0.270785	0.00112334
0.271784	0.00111522
0.272783	0.00111
0.273782	0.00110833
0.274781	0.00111024
0.27578	0.00111458
0.276779	0.00111957
0.277778	0.00112368
0.278778	0.00112576
0.279777	0.00112489
0.280776	0.00112063
0.281775	0.00111368
0.282774	0.00110557
0.283774	0.0010976
0.284773	0.00109069
0.285772	0.00108559
0.286771	0.00108269
0.28777	0.00108152
0.28877	0.00108085
0.289769	0.00107949
0.290768	0.00107658
0.291767	0.00107139
0.292767	0.00106349
0.293766	0.00105333
0.294765	0.00104229
0.295765	0.00103181
0.296764	0.00102294
0.297763	0.00101652
0.298763	0.00101315
0.299762	0.00101271
0.300761	0.00101411
0.30176	0.00101602
0.30276	0.00101746
0.303759	0.00101763
0.304758	0.00101594
0.305758	0.00101236
0.306757	0.0010077
0.307756	0.00100317
0.308756	0.000999726
0.309755	0.000998094
0.310754	0.000998875
0.311754	0.00100213
0.312753	0.00100689
0.313752	0.00101159
0.314752	0.00101488
0.315751	0.00101574
0.31675	0.00101327
0.31775	0.00100712
0.318749	0.00099826
0.319749	0.000988569
0.320748	0.000979725
0.321748	0.000972937
0.322747	0.000969229
0.323746	0.000969117
0.324746	0.000971941
0.325745	0.000975766
0.326745	0.000978711
0.327744	0.00097948
0.328743	0.000976534
0.329743	0.000969572
0.330742	0.000958855
0.331742	0.000945315
0.332741	0.000932912
0.333741	0.000924402
0.33474	0.000919961
0.33574	0.000920421
0.336739	0.000925426
0.337738	0.000932927
0.338738	0.000940845
0.339737	0.000947327
0.340737	0.000950922
0.341736	0.000950426
0.342736	0.000945507
0.343735	0.000937436
0.344735	0.000928193
0.345734	0.000919317
0.346734	0.000911923
0.347733	0.000906923
0.348733	0.000904713
0.349732	0.000904719
0.350732	0.000905758
0.351731	0.000906793
0.352731	0.000907086
0.35373	0.000906035
0.35473	0.000903288
0.355729	0.000899086
0.356729	0.000894157
0.357728	0.000889195
0.358728	0.000884686
0.359727	0.000881005
0.360727	0.000878428
0.361726	0.000876987
0.362726	0.000876473
0.363725	0.000876659
0.364725	0.000877397
0.365724	0.00087859
0.366724	0.000880151
0.367723	0.000881935
0.368723	0.000883703
0.369722	0.000885193
0.370722	0.000886195
0.371721	0.000886535
0.372721	0.000886056
0.37372	0.000884701
0.37472	0.000882535
0.37572	0.000879678
0.376719	0.000876224
0.377719	0.000872222
0.378718	0.000867702
0.379718	0.000862757
0.380717	0.000857617
0.381717	0.00085259
0.382716	0.000847947
0.383716	0.000843895
0.384716	0.000840607
0.385715	0.000838186
0.386715	0.000836597
0.387714	0.000835703
0.388714	0.000835376
0.389713	0.00083554
0.390713	0.000836151
0.391713	0.000837139
0.392712	0.00083829
0.393712	0.000839242
0.394711	0.000839649
0.395711	0.000839222
0.39671	0.000837709
0.39771	0.000834954
0.39871	0.000831096
0.399709	0.00082664
0.400709	0.000822146
0.401708	0.000818028
0.402708	0.000814617
0.403707	0.000812171
0.404707	0.000810735
0.405707	0.000810056
0.406706	0.000809783
0.407706	0.000809648
0.408705	0.00080946
0.409705	0.000809076
0.410705	0.000808457
0.411704	0.000807746
0.412704	0.000807191
0.413703	0.000807011
0.414703	0.000807372
0.415702	0.0008084
0.416702	0.000810084
0.417702	0.000812128
0.418701	0.000814008
0.419701	0.000815215
0.4207	0.000815355
0.4217	0.000814101
0.4227	0.000811303
0.423699	0.000807281
0.424699	0.000802772
0.425698	0.000798493
0.426698	0.000794975
0.427698	0.000792667
0.428697	0.00079184
0.429697	0.000792264
0.430696	0.000793179
0.431696	0.000793745
0.432696	0.000793312
0.433695	0.000791341
0.434695	0.000787462
0.435695	0.000781871
0.436694	0.000775522
0.437694	0.000769558
0.438693	0.00076485
0.439693	0.000762103
0.440693	0.000761898
0.441692	0.000764272
0.442692	0.000768367
0.443691	0.000772958
0.444691	0.000777057
0.445691	0.000779888
0.44669	0.000780778
0.44769	0.00077945
0.44869	0.000776397
0.449689	0.000772569
0.450689	0.000768752
0.451688	0.000765527
0.452688	0.000763395
0.453688	0.000762608
0.454687	0.000762866
0.455687	0.000763402
0.456687	0.000763491
0.457686	0.000762587
0.458686	0.00076024
0.459685	0.000756221
0.460685	0.000750883
0.461685	0.000745157
0.462684	0.000740009
0.463684	0.000736169
0.464684	0.00073423
0.465683	0.000734631
0.466683	0.000737226
0.467683	0.000741094
0.468682	0.00074513
0.469682	0.000748478
0.470681	0.000750447
0.471681	0.000750474
0.472681	0.000748458
0.47368	0.00074497
0.47468	0.000740832
0.47568	0.000736688
0.476679	0.000733031
0.477679	0.000730263
0.478679	0.000728564
0.479678	0.000727746
0.480678	0.000727437
0.480678	0.000727437
0.481678	0.000727338
0.482677	0.000727218
0.483677	0.000726884
0.484676	0.000726237
0.485676	0.000725372
0.486676	0.000724513
0.487675	0.00072387
0.488675	0.000723598
0.489675	0.000723821
0.490674	0.000724594
0.491674	0.000725762
0.492674	0.000726932
0.493673	0.000727693
0.494673	0.000727736
0.495673	0.000726806
0.496672	0.000724725
0.497672	0.000721571
0.498672	0.000717742
0.499671	0.000713694
0.500671	0.00070977
0.501671	0.000706246
0.50267	0.000703325
0.50367	0.000701074
0.50467	0.000699374
0.505669	0.000698044
0.506669	0.000696963
0.507668	0.000696054
0.508668	0.000695236
0.509668	0.000694459
0.510668	0.000693717
0.511667	0.000693039
0.512667	0.000692455
0.513667	0.000691964
0.514666	0.000691568
0.515666	0.000691269
0.516665	0.000691033
0.517665	0.000690811
0.518665	0.00069056
0.519664	0.000690236
0.520664	0.000689811
0.521664	0.000689284
0.522663	0.00068871
0.523663	0.000688221
0.524663	0.000687963
0.525662	0.000688032
0.526662	0.000688521
0.527662	0.000689492
0.528661	0.000690829
0.529661	0.000692167
0.530661	0.0006931
0.53166	0.000693338
0.53266	0.000692643
0.53366	0.00069081
0.534659	0.000687869
0.535659	0.000684196
0.536659	0.000680269
0.537658	0.00067646
0.538658	0.000673044
0.539658	0.000670238
0.540657	0.000668161
0.541657	0.000666766
0.542657	0.000665924
0.543657	0.000665522
0.544656	0.000665501
0.545656	0.000665828
0.546656	0.000666394
0.547655	0.000666942
0.548655	0.000667102
0.549655	0.000666534
0.550654	0.000664969
0.551654	0.000662175
0.552654	0.000658083
0.553653	0.000653094
0.554653	0.000648007
0.555653	0.000643585
0.556652	0.000640402
0.557652	0.000638954
0.558652	0.000639554
0.559651	0.000641952
0.560651	0.000645295
0.561651	0.00064867
0.562651	0.000651398
0.56365	0.000652917
0.56465	0.000652776
0.56565	0.000650934
0.566649	0.000647919
0.567649	0.000644395
0.568649	0.000640853
0.569648	0.000637679
0.570648	0.00063519
0.571648	0.000633541
0.572647	0.000632636
0.573647	0.000632285
0.574647	0.000632357
0.575646	0.000632776
0.576646	0.00063349
0.577646	0.00063439
0.578646	0.00063523
0.579645	0.000635674
0.580645	0.000635424
0.581645	0.000634228
0.582644	0.000631858
0.583644	0.000628284
0.584644	0.000623964
0.585643	0.000619704
0.586643	0.000616253
0.587643	0.000614198
0.588643	0.000614034
0.589642	0.000616023
0.590642	0.000619744
0.591642	0.000624095
0.592641	0.000627927
0.593641	0.000630319
0.594641	0.000630476
0.59564	0.000627836
0.59664	0.000622603
0.59764	0.000615948
0.59864	0.000609234
0.599639	0.000603468
0.600639	0.000599433
0.601639	0.000597748
0.602638	0.000598482
0.603638	0.000600905
0.604638	0.000603992
0.605637	0.000606924
0.606637	0.000609057
0.607637	0.00060984
0.608637	0.000609073
0.609636	0.000607154
0.610636	0.00060477
0.611636	0.000602481
0.612635	0.0006007
0.613635	0.000599783
0.614635	0.000599902
0.615635	0.00060084
0.616634	0.000602112
0.617634	0.000603269
0.618634	0.000603974
0.619633	0.00060395
0.620633	0.000603059
0.621633	0.000601479
0.622633	0.000599691
0.623632	0.00059819
0.624632	0.000597351
0.625632	0.000597501
0.626632	0.000598839
0.627631	0.000601191
0.628631	0.000603963
0.629631	0.000606504
0.63063	0.000608311
0.63163	0.000608958
0.63263	0.000608115
0.63363	0.000605854
0.634629	0.000602791
0.635629	0.000599688
0.636629	0.00059714
0.637629	0.000595634
0.638628	0.000595574
0.639628	0.000597103
0.640628	0.000600015
0.641628	0.000603756
0.642627	0.000608313
0.643627	0.000613182
0.644627	0.000618262
0.645627	0.000623704
0.646626	0.000629059
0.647626	0.000634445
0.648626	0.000639783
0.649626	0.000645022
0.650625	0.000650107
0.651625	0.000655146
0.652625	0.000660561
0.653625	0.000667002
0.654624	0.000675126
0.655624	0.00068552
0.656624	0.000698916
0.657624	0.000715723
0.658624	0.00073643
0.659623	0.000760082
0.660623	0.00078782
0.661623	0.000817014
0.662623	0.000853651
0.663622	0.000889217
0.664622	0.000946604
0.665622	0.000993224
0.666622	0.00112839
0.667621	0.00121197
0.668621	0.00186123
0.669621	0.00148826
)
