(title "Skin Friction Coefficient")
(labels "Position" "Skin Friction Coefficient")

((xy/key/label "upper")
0.00546816	0.0689668
0.00571104	0.0323255
0.00612534	0.015255
0.00664429	0.0117416
0.00723	0.0105757
0.00787143	0.00877373
0.00855617	0.0075162
0.00926925	0.00703213
0.0100074	0.00686737
0.0107707	0.00631268
0.0115555	0.00548277
0.0123574	0.00485184
0.0131726	0.00452587
0.0139997	0.00434727
0.0148379	0.00419415
0.0156863	0.00402335
0.016544	0.00382571
0.0174103	0.0036058
0.0182843	0.00338441
0.0191652	0.00318274
0.0200522	0.00301327
0.0209449	0.00287265
0.0218428	0.0027502
0.0227455	0.00264255
0.0236526	0.00255188
0.0245638	0.00248243
0.0254786	0.00243459
0.026397	0.00240068
0.0273186	0.00237076
0.0282435	0.00233793
0.0291714	0.0022986
0.0301023	0.00225093
0.0310359	0.00219409
0.0319722	0.00212919
0.032911	0.00205985
0.0338521	0.00199043
0.0347955	0.00192453
0.0357408	0.00186513
0.0366881	0.00181515
0.0376371	0.00177715
0.0385877	0.00175214
0.0395399	0.0017379
0.0404935	0.00172988
0.0414487	0.00172384
0.0424053	0.00171662
0.0433632	0.00170597
0.0443226	0.00169034
0.0452833	0.00166847
0.0462453	0.0016401
0.0472086	0.00160668
0.0481731	0.0015707
0.0491387	0.0015344
0.0501053	0.00149958
0.051073	0.0014677
0.0520416	0.00144011
0.0530111	0.00141796
0.0539815	0.00140185
0.0549526	0.00139113
0.0559245	0.00138417
0.0568972	0.0013794
0.0578706	0.00137574
0.0588448	0.00137231
0.0598197	0.00136841
0.0607953	0.00136345
0.0617715	0.00135707
0.0627485	0.0013491
0.0637261	0.00133963
0.0647043	0.00132879
0.0656832	0.00131671
0.0666626	0.00130352
0.0676426	0.00128935
0.0686232	0.00127429
0.0696044	0.00125845
0.070586	0.00124206
0.0715682	0.00122546
0.0725509	0.00120909
0.073534	0.00119333
0.0745176	0.0011785
0.0755016	0.00116494
0.076486	0.00115293
0.0774709	0.00114275
0.0784561	0.00113456
0.0794417	0.00112805
0.0804276	0.00112249
0.0814139	0.00111713
0.0824006	0.00111137
0.0833876	0.00110469
0.084375	0.00109669
0.0853628	0.00108699
0.0863509	0.00107531
0.0873393	0.00106166
0.0883281	0.00104661
0.0893172	0.00103101
0.0903065	0.00101559
0.0912962	0.00100094
0.0922862	0.000987569
0.0932763	0.000975957
0.0942668	0.000966531
0.0952575	0.000959587
0.0962483	0.000955036
0.0972394	0.000952331
0.0982308	0.000950792
0.0992223	0.000949869
0.100214	0.000949129
0.101206	0.000948196
0.102198	0.000946721
0.103191	0.000944391
0.104183	0.000940994
0.105176	0.000936505
0.106169	0.000931049
0.107162	0.000924756
0.108156	0.000917728
0.109149	0.000910057
0.110143	0.000901808
0.111137	0.000893049
0.112131	0.000883835
0.113125	0.000874235
0.11412	0.000864358
0.115114	0.000854318
0.116109	0.000844215
0.117104	0.000834144
0.118099	0.000824192
0.119094	0.00081443
0.12009	0.000804925
0.121085	0.000795747
0.122081	0.000786988
0.123077	0.000778755
0.124073	0.00077116
0.125069	0.000764318
0.126065	0.000758336
0.127061	0.000753303
0.128057	0.000749321
0.129053	0.00074649
0.13005	0.00074486
0.131046	0.000744335
0.132043	0.000744631
0.13304	0.000745408
0.134037	0.000746379
0.135034	0.000747315
0.136031	0.000747999
0.137028	0.000748224
0.138025	0.000747814
0.139022	0.000746628
0.140019	0.000744569
0.141017	0.000741597
0.142014	0.000737692
0.143012	0.000732827
0.14401	0.000726974
0.145008	0.000720101
0.146005	0.000712173
0.147003	0.000703161
0.148001	0.000693128
0.148999	0.000682346
0.149998	0.000671214
0.150996	0.000660118
0.151994	0.000649366
0.152992	0.000639219
0.153991	0.000629928
0.154989	0.000621733
0.155988	0.000614825
0.156986	0.000609242
0.157985	0.000604752
0.158983	0.000600945
0.159982	0.000597448
0.160981	0.000593977
0.161979	0.00059026
0.162978	0.000586043
0.163977	0.000581111
0.164976	0.000575277
0.165975	0.000568494
0.166974	0.0005609
0.167973	0.000552712
0.168972	0.00054414
0.169971	0.000535362
0.17097	0.000526516
0.171969	0.000517729
0.172968	0.000509111
0.173967	0.000500742
0.174966	0.000492668
0.175966	0.000484858
0.176965	0.00047725
0.177964	0.00046981
0.178963	0.000462498
0.179963	0.000455265
0.180962	0.00044809
0.181961	0.000440964
0.18296	0.000433857
0.18396	0.000426725
0.184959	0.00041953
0.185959	0.000412217
0.186958	0.000404721
0.187957	0.000397005
0.188957	0.000389036
0.189956	0.000380793
0.190955	0.000372248
0.191955	0.000363364
0.192954	0.000354179
0.193954	0.000344793
0.194953	0.000335295
0.195953	0.000325752
0.196952	0.000316249
0.197951	0.000306847
0.198951	0.000297575
0.19995	0.000288495
0.20095	0.000279633
0.201949	0.00027101
0.202948	0.000262663
0.203948	0.000254299
0.204947	0.000247488
0.204947	0.000247488
0.205947	0.00024148
0.206946	0.000233049
0.207945	0.00022432
0.208945	0.000216497
0.209944	0.000208641
0.210943	0.000201016
0.211943	0.000193412
0.212942	0.000185869
0.213941	0.000178326
0.214941	0.000170777
0.21594	0.000163198
0.216939	0.000155579
0.217938	0.000147905
0.218938	0.00014018
0.219937	0.000132432
0.220936	0.000124714
0.221935	0.000117086
0.222934	0.000109589
0.223933	0.000102271
0.224933	9.51638e-05
0.225932	8.82893e-05
0.226931	8.16811e-05
0.22793	7.53511e-05
0.228929	6.92679e-05
0.229928	6.33642e-05
0.230927	5.75681e-05
0.231926	5.18169e-05
0.232925	4.60553e-05
0.233924	4.02333e-05
0.234922	3.43073e-05
0.235921	2.82411e-05
0.23692	2.20143e-05
0.237919	1.56449e-05
0.238918	9.18063e-06
0.239916	3.26071e-06
0.240915	3.83625e-06
0.241914	1.02955e-05
0.242912	1.66764e-05
0.243911	2.29553e-05
0.244909	2.90972e-05
0.245908	3.50702e-05
0.246907	4.0875e-05
0.247905	4.65247e-05
0.248903	5.20294e-05
0.249902	5.73948e-05
0.2509	6.26195e-05
0.251898	6.77194e-05
0.252897	7.27019e-05
0.253895	7.75646e-05
0.254893	8.23205e-05
0.255891	8.69783e-05
0.25689	9.1539e-05
0.257888	9.59945e-05
0.258886	0.000100355
0.259884	0.000104633
0.260882	0.000108825
0.26188	0.000112931
0.262878	0.000116959
0.263876	0.000120914
0.264873	0.000124803
0.265871	0.000128625
0.266869	0.000132366
0.267867	0.000136041
0.268864	0.000139658
0.269862	0.000143214
0.270859	0.000146712
0.271857	0.000150144
0.272854	0.000153524
0.273852	0.00015685
0.274849	0.000160123
0.275847	0.000163343
0.276844	0.000166488
0.277841	0.000169563
0.278838	0.000172572
0.279835	0.0001755
0.280832	0.000178346
0.28183	0.000181106
0.282827	0.000183779
0.283823	0.000186378
0.28482	0.000188903
0.285817	0.000191347
0.286814	0.000193701
0.287811	0.000195968
0.288808	0.000198153
0.289805	0.000200263
0.290801	0.000202292
0.291798	0.000204205
0.292795	0.000205985
0.293791	0.000207633
0.294788	0.000209155
0.295784	0.000210555
0.296781	0.000211832
0.297777	0.000212994
0.298774	0.00021406
0.29977	0.000215046
0.300766	0.000215975
0.301762	0.000216883
0.302758	0.000217792
0.303754	0.000218723
0.30475	0.00021969
0.305746	0.000220701
0.306742	0.000221762
0.307738	0.000222879
0.308734	0.000224051
0.309729	0.000225262
0.310725	0.000226496
0.311721	0.00022775
0.312716	0.000229015
0.313712	0.000230283
0.314707	0.00023155
0.315703	0.000232815
0.316698	0.000234082
0.317693	0.000235353
0.318689	0.000236637
0.319684	0.000237952
0.320679	0.000239315
0.321674	0.000240747
0.322669	0.000242258
0.323664	0.000243863
0.324659	0.000245584
0.325654	0.000247446
0.326649	0.000249492
0.327643	0.000251798
0.328638	0.000254459
0.329633	0.000257562
0.330627	0.000261195
0.331622	0.000265499
0.332617	0.000270606
0.333611	0.000276557
0.334605	0.000283505
0.3356	0.000292198
0.336594	0.000303471
0.337588	0.000317703
0.338582	0.000335513
0.339577	0.000359054
0.340571	0.000393447
0.341564	0.000442141
0.342558	0.000500897
0.343552	0.000562014
0.344546	0.000619271
0.34554	0.000668955
0.346534	0.000710778
0.347527	0.000745714
0.348521	0.000775159
0.349514	0.000800676
0.350508	0.000822561
0.351501	0.000839502
0.352495	0.000849786
0.353488	0.000851286
0.354481	0.000840811
0.355475	0.000815496
0.356468	0.000774709
0.357461	0.000719692
0.358454	0.000651347
0.359447	0.000570909
0.36044	0.00048108
0.361433	0.000384736
0.362426	0.000280687
0.363418	0.000169148
0.364411	5.77441e-05
0.365404	6.1805e-05
0.366396	0.0001783
0.367389	0.000293347
0.368381	0.000408657
0.369373	0.000527189
0.370366	0.000649264
0.371358	0.000773993
0.37235	0.000900023
0.373342	0.00102575
0.374334	0.00114969
0.375327	0.00127047
0.376319	0.00138682
0.377311	0.00149768
0.378303	0.00160216
0.379294	0.0016996
0.380286	0.00178963
0.381278	0.00187261
0.38227	0.00194946
0.383261	0.00202105
0.384252	0.00208821
0.385244	0.00215182
0.386235	0.00221257
0.387226	0.002271
0.388217	0.0023277
0.389208	0.00238308
0.3902	0.0024371
0.391191	0.00248937
0.392181	0.00253952
0.393172	0.0025874
0.394163	0.002633
0.395154	0.0026762
0.396145	0.0027169
0.397135	0.00275501
0.398126	0.00279058
0.399116	0.0028242
0.400106	0.0028568
0.401097	0.00288917
0.402087	0.00292178
0.403077	0.00295502
0.404067	0.00298926
0.405057	0.00302488
0.406048	0.0030624
0.407038	0.00310193
0.408028	0.00314248
0.409018	0.00318245
0.410008	0.00322058
0.410997	0.00325616
0.411987	0.00328865
0.412977	0.00331752
0.413967	0.00334221
0.414956	0.00336213
0.415945	0.00337706
0.416935	0.00338834
0.417924	0.00339854
0.418913	0.00340977
0.419902	0.00342325
0.420891	0.00343983
0.42188	0.00346021
0.422869	0.00348508
0.423857	0.00351527
0.424846	0.00355115
0.425835	0.00359124
0.426824	0.00363234
0.427813	0.00367188
0.428802	0.00370864
0.42979	0.00374187
0.430779	0.00377092
0.431768	0.00379515
0.432756	0.0038138
0.433744	0.00382641
0.434733	0.00383419
0.435721	0.00384002
0.436709	0.00384615
0.437697	0.00385349
0.438684	0.00386257
0.439672	0.00387393
0.44066	0.00388811
0.441647	0.00390569
0.442635	0.003927
0.443622	0.00395128
0.44461	0.00397674
0.445597	0.00400187
0.446585	0.00402598
0.447572	0.00404873
0.448559	0.00406987
0.449547	0.00408924
0.450534	0.00410661
0.451521	0.00412181
0.452508	0.00413511
0.453495	0.00414721
0.454482	0.0041587
0.455468	0.00416978
0.456455	0.00418058
0.457442	0.00419115
0.458428	0.00420149
0.459415	0.00421158
0.460401	0.00422143
0.461387	0.00423105
0.462373	0.00424044
0.463359	0.00424965
0.464345	0.00425864
0.465331	0.0042674
0.466317	0.00427588
0.467303	0.00428409
0.468289	0.00429176
0.469274	0.00429943
0.47026	0.00430454
0.471245	0.00431315
0.472231	0.00432547
0.473216	0.00432939
0.474202	0.00434344
0.475187	0.00436483
0.476172	0.00437796
0.477158	0.00439585
0.478143	0.00441993
0.479128	0.00444671
0.480113	0.00447382
0.481099	0.00449829
0.482084	0.00451874
0.483069	0.00453453
0.484054	0.0045451
0.485039	0.00454979
0.486024	0.00454777
0.487008	0.00453815
0.487993	0.00452189
0.488977	0.00450276
0.489961	0.00448464
0.490945	0.00446933
0.491929	0.00445754
0.492912	0.0044498
0.493896	0.00444652
0.49488	0.00444823
0.495863	0.00445554
0.496847	0.00446802
0.49783	0.00448342
0.498814	0.00449944
0.499797	0.00451503
0.500781	0.00452991
0.501764	0.00454397
0.502748	0.00455721
0.503731	0.00456973
0.504715	0.00458158
0.505698	0.00459258
0.506681	0.00460214
0.507664	0.00460956
0.508647	0.00461436
0.50963	0.0046163
0.510613	0.0046151
0.511596	0.00461033
0.512579	0.00460144
0.513561	0.00458768
0.514543	0.00456951
0.515525	0.0045498
0.516507	0.00453195
0.517489	0.00451777
0.518471	0.00450795
0.519453	0.00450303
0.520435	0.00450355
0.521416	0.00451027
0.522398	0.00452422
0.52338	0.00454498
0.524362	0.00456911
0.525344	0.00459228
0.526325	0.00461202
0.527307	0.00462741
0.528289	0.00463799
0.529271	0.00464331
0.530252	0.00464276
0.531233	0.00463559
0.532215	0.00462193
0.533196	0.00460419
0.534177	0.00458565
0.535157	0.0045682
0.536138	0.00455243
0.537118	0.00453862
0.538099	0.00452686
0.539079	0.0045173
0.54006	0.00451016
0.54104	0.00450548
0.54202	0.00450277
0.543	0.00450135
0.54398	0.00450091
0.54496	0.00450133
0.54594	0.00450263
0.54692	0.00450497
0.547899	0.00450858
0.548879	0.00451375
0.549859	0.00452046
0.550839	0.00452789
0.551819	0.00453465
0.552798	0.0045399
0.553778	0.00454328
0.554757	0.00454463
0.555737	0.00454382
0.556716	0.00454054
0.557696	0.00453443
0.558675	0.00452544
0.559654	0.00451448
0.560633	0.00450308
0.561611	0.00449223
0.56259	0.00448226
0.563569	0.00447329
0.564547	0.00446541
0.565526	0.00445868
0.566504	0.00445326
0.567482	0.00444921
0.568461	0.00444621
0.569439	0.00444362
0.570417	0.00444102
0.571395	0.0044383
0.572373	0.00443542
0.573351	0.00443232
0.574328	0.00442903
0.575306	0.00442554
0.576284	0.00442184
0.577262	0.00441799
0.578239	0.00441396
0.579216	0.00440978
0.580194	0.0044055
0.581171	0.00440113
0.582148	0.00439668
0.583125	0.00439213
0.584103	0.00438742
0.58508	0.00438256
0.586056	0.0043775
0.587033	0.00437216
0.58801	0.0043665
0.588987	0.00436044
0.589963	0.00435394
0.59094	0.00434692
0.591916	0.0043393
0.592893	0.00433098
0.593869	0.00432187
0.594845	0.00431232
0.595821	0.00430305
0.596797	0.00429468
0.597773	0.00428752
0.598749	0.0042817
0.599724	0.00427735
0.6007	0.00427475
0.601676	0.00427421
0.602652	0.00427598
0.603627	0.00427946
0.604603	0.00428301
0.605579	0.00428523
0.606554	0.00428549
0.60753	0.00428356
0.608505	0.00427921
0.60948	0.00427214
0.610455	0.00426198
0.61143	0.00424836
0.612405	0.00423184
0.61338	0.00421436
0.614355	0.00419765
0.615329	0.00418242
0.616304	0.00416899
0.617278	0.00415749
0.618252	0.00414807
0.619226	0.00414094
0.6202	0.00413634
0.621175	0.00413399
0.622149	0.00413288
0.623123	0.00413189
0.624097	0.00413052
0.625071	0.0041287
0.626045	0.00412639
0.627019	0.00412355
0.627992	0.00412013
0.628966	0.00411612
0.62994	0.00411158
0.630913	0.00410661
0.631887	0.00410137
0.632861	0.00409591
0.633834	0.00409021
0.634807	0.00408432
0.635781	0.00407826
0.636754	0.00407202
0.637727	0.00406564
0.6387	0.00405905
0.639673	0.00405213
0.640646	0.00404473
0.641619	0.00403671
0.642592	0.00402799
0.643565	0.00401848
0.644537	0.0040081
0.64551	0.00399667
0.646482	0.00398396
0.647454	0.00397009
0.648426	0.00395591
0.649398	0.00394252
0.65037	0.00393055
0.651342	0.00392022
0.652314	0.00391167
0.653286	0.00390511
0.654258	0.00390085
0.65523	0.00389927
0.656202	0.00390025
0.657173	0.00390256
0.658145	0.00390439
0.659117	0.00390467
0.660089	0.00390306
0.66106	0.00389936
0.662032	0.00389335
0.663004	0.00388469
0.663975	0.00387295
0.664946	0.00385818
0.665918	0.00384171
0.666889	0.00382554
0.66786	0.0038109
0.668831	0.00379825
0.669802	0.00378782
0.670772	0.00377984
0.671743	0.00377465
0.672714	0.00377274
0.673685	0.00377423
0.674656	0.00377777
0.675627	0.00378109
0.676598	0.00378266
0.677568	0.0037819
0.678539	0.00377857
0.67951	0.00377236
0.68048	0.00376289
0.681451	0.00374971
0.682421	0.00373255
0.683391	0.00371261
0.684361	0.00369229
0.685331	0.00367326
0.686301	0.00365617
0.687271	0.00364129
0.688241	0.0036288
0.68921	0.00361887
0.69018	0.00361184
0.69115	0.00360796
0.69212	0.00360658
0.693089	0.00360623
0.694059	0.0036058
0.695029	0.00360491
0.695998	0.00360344
0.696968	0.00360131
0.697938	0.00359855
0.698908	0.00359519
0.699877	0.00359123
0.700847	0.00358659
0.701816	0.00358107
0.702786	0.00357439
0.703755	0.00356643
0.704725	0.00355713
0.705694	0.00354633
0.706663	0.00353383
0.707633	0.00351929
0.708602	0.00350241
0.70957	0.00348366
0.710539	0.00346464
0.711508	0.0034469
0.712477	0.00343109
0.713445	0.0034175
0.714414	0.00340633
0.715383	0.00339779
0.716351	0.00339219
0.71732	0.00338989
0.718289	0.0033906
0.719257	0.0033929
0.720226	0.00339523
0.721195	0.00339684
0.722164	0.0033975
0.723133	0.00339714
0.724102	0.00339569
0.725071	0.00339309
0.72604	0.00338931
0.727009	0.00338436
0.727978	0.00337831
0.728947	0.00337127
0.729916	0.00336323
0.730884	0.00335415
0.731853	0.00334396
0.732822	0.00333251
0.73379	0.00331958
0.734759	0.00330486
0.735727	0.00328837
0.736696	0.0032711
0.737664	0.00325439
0.738632	0.00323907
0.7396	0.00322545
0.740568	0.00321369
0.741536	0.00320397
0.742505	0.00319646
0.743473	0.00319147
0.744441	0.00318909
0.745409	0.00318855
0.746378	0.00318851
0.747346	0.00318809
0.748315	0.00318701
0.749283	0.00318514
0.750252	0.00318241
0.75122	0.00317877
0.752189	0.00317414
0.753157	0.00316846
0.753157	0.00316846
0.754126	0.00316186
0.755094	0.00315467
0.756063	0.0031471
0.757032	0.00313924
0.758	0.00313108
0.758968	0.00312262
0.759937	0.00311379
0.760905	0.00310449
0.761874	0.00309468
0.762842	0.00308451
0.763811	0.00307435
0.764779	0.00306453
0.765748	0.0030552
0.766716	0.00304642
0.767684	0.00303826
0.768653	0.00303074
0.769621	0.0030239
0.77059	0.00301782
0.771558	0.00301245
0.772527	0.00300756
0.773495	0.00300289
0.774464	0.0029984
0.775433	0.00299409
0.776401	0.00298997
0.77737	0.00298607
0.778339	0.00298247
0.779308	0.00297926
0.780277	0.00297638
0.781246	0.00297338
0.782215	0.00296977
0.783184	0.00296528
0.784153	0.00295979
0.785122	0.0029532
0.786091	0.00294535
0.78706	0.00293606
0.788029	0.00292504
0.788997	0.0029124
0.789966	0.00289906
0.790935	0.0028862
0.791904	0.0028745
0.792873	0.00286423
0.793842	0.00285559
0.794811	0.00284875
0.79578	0.0028439
0.796749	0.00284138
0.797718	0.0028412
0.798687	0.00284236
0.799656	0.00284335
0.800626	0.00284317
0.801595	0.00284146
0.802565	0.002838
0.803534	0.0028326
0.804504	0.002825
0.805473	0.00281483
0.806443	0.00280198
0.807412	0.00278746
0.808381	0.00277292
0.809351	0.00275944
0.81032	0.00274747
0.811289	0.00273725
0.812259	0.00272894
0.813228	0.00272273
0.814198	0.00271891
0.815168	0.00271761
0.816138	0.00271824
0.817108	0.00271967
0.818078	0.00272106
0.819048	0.00272208
0.820018	0.00272262
0.820988	0.00272265
0.821959	0.00272217
0.822929	0.00272124
0.8239	0.00271986
0.824871	0.00271789
0.825841	0.002715
0.826812	0.00271093
0.827783	0.0027055
0.828753	0.00269857
0.829724	0.00268997
0.830695	0.00267946
0.831666	0.00266667
0.832636	0.00265132
0.833607	0.00263406
0.834577	0.00261674
0.835548	0.00260102
0.836518	0.00258769
0.837489	0.00257711
0.838459	0.00256958
0.83943	0.00256545
0.840401	0.00256525
0.841372	0.00256949
0.842344	0.00257746
0.843315	0.00258666
0.844287	0.00259465
0.845258	0.00260025
0.84623	0.00260298
0.847202	0.00260243
0.848174	0.00259822
0.849146	0.00258983
0.850118	0.00257671
0.851089	0.00255936
0.852061	0.00254012
0.853032	0.00252146
0.854004	0.00250461
0.854976	0.00249004
0.855947	0.00247805
0.856919	0.00246891
0.857891	0.00246297
0.858863	0.00246059
0.859835	0.00246156
0.860807	0.00246445
0.86178	0.00246758
0.862752	0.00247006
0.863725	0.00247158
0.864698	0.00247195
0.865671	0.00247106
0.866644	0.00246874
0.867617	0.00246481
0.86859	0.00245934
0.869563	0.0024529
0.870536	0.00244622
0.871509	0.00243973
0.872483	0.00243358
0.873456	0.00242785
0.87443	0.00242261
0.875403	0.00241792
0.876377	0.00241387
0.877351	0.00241045
0.878325	0.00240743
0.879299	0.00240447
0.880273	0.00240137
0.881247	0.00239805
0.882221	0.00239447
0.883195	0.00239061
0.88417	0.00238645
0.885144	0.00238193
0.886119	0.00237705
0.887093	0.00237186
0.888068	0.00236648
0.889043	0.00236095
0.890018	0.00235527
0.890992	0.00234943
0.891967	0.00234339
0.892942	0.00233709
0.893918	0.00233047
0.894893	0.00232353
0.895868	0.0023165
0.896843	0.00230973
0.897819	0.00230345
0.898794	0.00229773
0.89977	0.00229263
0.900745	0.00228822
0.901721	0.00228455
0.902697	0.00228173
0.903673	0.00227975
0.904649	0.00227844
0.905626	0.00227749
0.906602	0.00227671
0.907579	0.00227604
0.908556	0.00227549
0.909532	0.00227506
0.91051	0.00227479
0.911487	0.00227475
0.912464	0.00227494
0.913442	0.00227517
0.914419	0.00227512
0.915397	0.00227457
0.916375	0.0022734
0.917353	0.00227155
0.918331	0.00226894
0.919309	0.00226546
0.920287	0.00226099
0.921265	0.00225548
0.922244	0.0022493
0.923222	0.00224304
0.924201	0.00223712
0.925179	0.00223173
0.926158	0.00222694
0.927137	0.00222282
0.928116	0.00221943
0.929095	0.00221686
0.930074	0.00221512
0.931053	0.00221399
0.932033	0.00221311
0.933013	0.00221224
0.933992	0.00221126
0.934972	0.00221011
0.935952	0.00220872
0.936933	0.00220704
0.937913	0.00220498
0.938893	0.00220254
0.939874	0.00219998
0.940854	0.00219774
0.941835	0.00219613
0.942816	0.00219534
0.943797	0.00219549
0.944779	0.00219667
0.94576	0.00219907
0.946742	0.00220291
0.947724	0.00220824
0.948706	0.00221444
0.949688	0.00222051
0.95067	0.00222578
0.951653	0.00222993
0.952635	0.00223279
0.953618	0.00223416
0.954601	0.00223385
0.955584	0.00223155
0.956567	0.00222723
0.95755	0.00222165
0.958533	0.00221602
0.959517	0.00221115
0.9605	0.00220738
0.961484	0.00220488
0.962467	0.00220382
0.963451	0.00220437
0.964435	0.00220677
0.965419	0.00221102
0.966404	0.00221658
0.967388	0.00222259
0.968373	0.00222854
0.969358	0.00223421
0.970343	0.00223949
0.971328	0.00224428
0.972313	0.00224849
0.973298	0.00225198
0.974284	0.00225479
0.97527	0.00225741
0.976255	0.00226049
0.977241	0.00226445
0.978227	0.00226952
0.979214	0.00227581
0.9802	0.0022836
0.981187	0.00229259
0.982173	0.00230407
0.98316	0.00231703
0.984147	0.00233157
0.985135	0.00234905
0.986122	0.00236858
0.98711	0.00239117
0.988097	0.00241701
0.989085	0.00244763
0.990074	0.00248254
0.991062	0.00252718
0.992051	0.00257419
0.99304	0.00264517
0.994029	0.00270038
0.995018	0.00283163
0.996007	0.00287325
0.996996	0.00317328
0.997986	0.00323528
0.998975	0.0047763
0.999964	0.00357328
)
