(title "Skin Friction Coefficient")
(labels "Position" "Skin Friction Coefficient")

((xy/key/label "lower")
0.00959573	0.0233765
0.00960641	0.027235
0.00967845	0.019579
0.0097269	0.0285278
0.00983773	0.0165863
0.00995833	0.026486
0.010058	0.0144674
0.0102733	0.0233318
0.0103257	0.013361
0.0106285	0.0132747
0.0106511	0.020244
0.0109585	0.0138041
0.0110807	0.0173133
0.011319	0.0140359
0.0115516	0.0148832
0.0117118	0.0136441
0.0120541	0.0129731
0.0125846	0.0113808
0.0131432	0.00996425
0.013726	0.00859824
0.0143256	0.00742724
0.0149382	0.00651119
0.0155645	0.00574399
0.0162049	0.00505464
0.0168585	0.00442765
0.0175241	0.00385345
0.0175241	0.00385345
0.0182008	0.00332931
0.0188877	0.0028526
0.0195841	0.00241778
0.0202896	0.00201926
0.0210038	0.00165199
0.0217263	0.00131031
0.0224565	0.000992247
0.0231936	0.000690729
0.0239371	0.000407911
0.0246871	0.000143434
0.0254441	0.000108525
0.0262083	0.000320735
0.0269793	0.000523377
0.0277557	0.000683651
0.0285363	0.000804392
0.02932	0.000880563
0.0301067	0.000923863
0.0308971	0.000940612
0.0316917	0.000941749
0.032491	0.000937083
0.0332949	0.000936348
0.0341026	0.000946862
0.0349136	0.000971788
0.0357272	0.00101166
0.036543	0.00106491
0.037361	0.00112797
0.0381814	0.00119727
0.0390042	0.00127014
0.0398296	0.00134442
0.0406576	0.00141849
0.0414882	0.00149136
0.0423214	0.00156226
0.043157	0.00163032
0.0439951	0.00169473
0.0448356	0.00175491
0.0456784	0.00181075
0.0465235	0.00186251
0.0473708	0.00191045
0.0482201	0.0019548
0.0490714	0.00199597
0.0499245	0.00203441
0.0507795	0.00207016
0.0516363	0.00210298
0.0524949	0.00213267
0.0533552	0.00215935
0.0542174	0.00218324
0.0550813	0.00220395
0.0559469	0.00222131
0.0568143	0.00223607
0.0576832	0.0022494
0.0585537	0.00226212
0.0594256	0.00227469
0.0602988	0.00228761
0.0611733	0.00230156
0.0620489	0.00231732
0.0629256	0.00233503
0.0638033	0.00235348
0.0646822	0.00237109
0.0655623	0.00238698
0.0664436	0.00240078
0.0673261	0.00241226
0.06821	0.00242109
0.0690952	0.00242685
0.0699818	0.00242885
0.0708699	0.00242729
0.0717593	0.00242382
0.0726501	0.00242001
0.0735421	0.00241652
0.0744352	0.00241363
0.0753295	0.00241155
0.0762247	0.00241053
0.077121	0.00241095
0.0780182	0.00241326
0.0789162	0.00241759
0.079815	0.0024233
0.0807146	0.00242938
0.0816151	0.00243524
0.0825163	0.00244077
0.0834184	0.00244593
0.0843212	0.00245067
0.0852249	0.00245503
0.0861294	0.00245901
0.0870346	0.00246271
0.0879407	0.00246615
0.0888475	0.00246911
0.0897552	0.00247153
0.0906636	0.00247347
0.0915729	0.0024749
0.0924829	0.00247574
0.0933937	0.00247595
0.0943054	0.0024755
0.0952178	0.00247433
0.096131	0.00247238
0.097045	0.00246954
0.0979597	0.00246566
0.0988753	0.00246094
0.0997916	0.00245585
0.100709	0.0024508
0.101627	0.00244597
0.102545	0.00244139
0.103464	0.00243716
0.104384	0.00243341
0.105304	0.00243022
0.106226	0.00242764
0.107147	0.00242578
0.10807	0.0024248
0.108992	0.00242477
0.109916	0.00242538
0.11084	0.00242621
0.111764	0.00242695
0.112689	0.00242749
0.113615	0.00242775
0.114541	0.00242772
0.115468	0.00242737
0.116395	0.00242667
0.117323	0.00242561
0.118251	0.00242416
0.11918	0.00242228
0.12011	0.00241992
0.12104	0.00241715
0.12197	0.00241409
0.122902	0.0024108
0.123833	0.00240729
0.124766	0.00240352
0.125698	0.00239951
0.126632	0.00239528
0.127566	0.00239079
0.1285	0.002386
0.129435	0.00238086
0.130371	0.0023753
0.131307	0.00236923
0.132243	0.00236268
0.13318	0.00235589
0.134118	0.00234916
0.135056	0.00234267
0.135995	0.00233649
0.136934	0.00233068
0.137873	0.00232535
0.138813	0.00232054
0.139753	0.0023163
0.140694	0.00231269
0.141635	0.00230983
0.142577	0.00230788
0.143519	0.00230698
0.144461	0.00230707
0.145404	0.00230776
0.146347	0.00230858
0.14729	0.00230923
0.148234	0.00230957
0.149178	0.0023095
0.150123	0.00230896
0.151067	0.00230791
0.152013	0.00230628
0.152959	0.00230404
0.153905	0.00230113
0.154851	0.00229747
0.155798	0.00229293
0.156746	0.00228752
0.157693	0.00228144
0.158642	0.00227501
0.15959	0.00226845
0.160539	0.00226183
0.161489	0.00225521
0.162439	0.00224863
0.163389	0.00224211
0.16434	0.00223567
0.165291	0.00222931
0.166242	0.00222301
0.167194	0.00221679
0.168146	0.00221067
0.169099	0.00220465
0.170051	0.0021987
0.171005	0.00219284
0.171958	0.00218709
0.172912	0.00218146
0.173866	0.00217592
0.174821	0.0021705
0.175776	0.00216522
0.176731	0.00216008
0.177686	0.0021551
0.178642	0.00215031
0.179598	0.00214571
0.180555	0.00214134
0.181511	0.00213722
0.182469	0.00213337
0.183426	0.00212973
0.184383	0.00212618
0.185341	0.00212266
0.186299	0.00211916
0.187258	0.00211563
0.188217	0.00211206
0.189176	0.00210848
0.190135	0.00210486
0.191094	0.00210118
0.192054	0.00209746
0.193014	0.00209373
0.193975	0.00208995
0.194935	0.00208612
0.195896	0.00208225
0.196858	0.00207835
0.197819	0.00207445
0.198781	0.00207052
0.199743	0.00206656
0.200705	0.00206258
0.201668	0.00205859
0.20263	0.0020546
0.203593	0.0020506
0.204557	0.00204657
0.20552	0.00204252
0.206484	0.00203847
0.207448	0.00203441
0.208412	0.00203031
0.209377	0.00202618
0.210342	0.00202205
0.211307	0.00201791
0.212272	0.00201374
0.213237	0.00200954
0.214203	0.00200532
0.215169	0.00200109
0.216135	0.00199686
0.217102	0.00199262
0.218069	0.00198835
0.219036	0.00198408
0.220003	0.00197982
0.22097	0.00197556
0.221938	0.00197133
0.222906	0.0019671
0.223874	0.00196284
0.224842	0.00195851
0.225811	0.00195408
0.226779	0.00194955
0.227748	0.00194491
0.228718	0.00194013
0.229687	0.00193521
0.230657	0.00193014
0.231626	0.0019249
0.232597	0.00191948
0.233567	0.00191387
0.234537	0.00190802
0.235508	0.00190193
0.236479	0.00189562
0.23745	0.00188919
0.238422	0.00188274
0.239393	0.00187632
0.240365	0.00186995
0.241337	0.00186365
0.24231	0.00185743
0.243282	0.00185131
0.244255	0.00184531
0.245227	0.00183943
0.2462	0.00183369
0.247174	0.00182808
0.248147	0.00182263
0.249121	0.00181734
0.250094	0.0018122
0.251068	0.00180721
0.252042	0.00180234
0.253017	0.00179756
0.253991	0.00179289
0.254966	0.00178832
0.25594	0.00178384
0.256915	0.00177947
0.257891	0.0017752
0.258866	0.00177103
0.259841	0.00176699
0.260817	0.00176307
0.261793	0.00175928
0.262769	0.00175565
0.263745	0.00175215
0.264721	0.00174874
0.265697	0.00174538
0.266674	0.00174203
0.26765	0.00173867
0.268627	0.0017353
0.269604	0.00173189
0.270581	0.00172844
0.271558	0.00172494
0.272536	0.0017214
0.273513	0.00171781
0.274491	0.00171418
0.275469	0.00171049
0.276447	0.00170676
0.277425	0.00170296
0.278403	0.0016991
0.279382	0.00169518
0.28036	0.0016912
0.281339	0.00168713
0.282318	0.00168295
0.283297	0.00167866
0.284276	0.00167429
0.285255	0.0016698
0.286235	0.00166519
0.287214	0.00166044
0.288194	0.00165556
0.289174	0.00165053
0.290154	0.00164533
0.291134	0.00163997
0.292114	0.00163445
0.293094	0.00162884
0.294075	0.00162319
0.295055	0.00161755
0.296036	0.00161195
0.297017	0.00160638
0.297998	0.00160086
0.298979	0.0015954
0.299961	0.00159001
0.300942	0.0015847
0.301923	0.00157947
0.302905	0.00157433
0.303887	0.00156929
0.304869	0.00156433
0.305851	0.00155946
0.306833	0.00155469
0.307815	0.00155003
0.308797	0.00154551
0.30978	0.00154112
0.310762	0.00153686
0.311745	0.00153275
0.312728	0.00152878
0.31371	0.00152496
0.314693	0.00152131
0.315676	0.00151783
0.31666	0.00151454
0.317643	0.00151147
0.318626	0.00150862
0.319609	0.001506
0.320593	0.00150357
0.321577	0.00150127
0.32256	0.00149902
0.323544	0.0014968
0.324528	0.00149456
0.325512	0.00149231
0.326496	0.00149001
0.32748	0.00148762
0.328464	0.00148515
0.329448	0.0014826
0.330433	0.00147997
0.331417	0.00147724
0.332402	0.00147437
0.333386	0.00147135
0.334371	0.00146823
0.335356	0.00146503
0.336341	0.00146177
0.337326	0.00145848
0.338311	0.00145518
0.339296	0.0014519
0.340281	0.00144865
0.341267	0.00144544
0.342252	0.00144227
0.343238	0.00143914
0.344223	0.00143608
0.345209	0.00143307
0.346195	0.00143014
0.347181	0.00142728
0.348167	0.00142453
0.349153	0.00142186
0.350139	0.0014192
0.351125	0.00141647
0.352111	0.00141363
0.353097	0.00141064
0.354084	0.00140747
0.35507	0.0014041
0.356057	0.00140049
0.357043	0.00139664
0.35803	0.00139252
0.359017	0.00138808
0.360004	0.0013833
0.360991	0.00137817
0.361978	0.00137265
0.362965	0.00136672
0.363952	0.00136045
0.36494	0.00135404
0.365927	0.00134768
0.366915	0.00134148
0.367902	0.00133551
0.36889	0.00132985
0.369878	0.00132457
0.370865	0.00131969
0.371853	0.00131528
0.372841	0.00131136
0.373829	0.00130802
0.374817	0.0013053
0.375805	0.00130324
0.376793	0.0013019
0.377781	0.00130128
0.378769	0.00130125
0.379758	0.0013016
0.380746	0.0013021
0.381734	0.00130263
0.382723	0.00130306
0.383711	0.00130332
0.3847	0.00130337
0.385688	0.00130315
0.386677	0.00130259
0.387665	0.00130164
0.388654	0.00130026
0.389643	0.00129839
0.390632	0.00129599
0.39162	0.001293
0.392609	0.00128943
0.393598	0.00128543
0.394588	0.00128115
0.395577	0.00127672
0.396566	0.00127226
0.397555	0.00126781
0.398545	0.00126344
0.399534	0.0012592
0.400523	0.00125512
0.401513	0.00125125
0.402503	0.0012476
0.403492	0.00124422
0.404482	0.00124112
0.405472	0.00123836
0.406461	0.00123595
0.407451	0.00123388
0.408441	0.00123209
0.409431	0.00123048
0.410421	0.00122897
0.411411	0.00122755
0.412401	0.00122616
0.413391	0.00122478
0.414381	0.00122339
0.415371	0.00122195
0.416361	0.00122047
0.417352	0.00121892
0.418342	0.00121729
0.419332	0.00121557
0.420323	0.00121374
0.421313	0.00121179
0.422304	0.00120973
0.423294	0.00120758
0.424285	0.00120535
0.425275	0.00120308
0.426266	0.0012008
0.427257	0.00119848
0.428248	0.00119614
0.429238	0.00119379
0.430229	0.00119145
0.43122	0.00118911
0.432211	0.00118677
0.433202	0.00118445
0.434193	0.00118214
0.435184	0.00117985
0.436175	0.00117759
0.437167	0.00117537
0.438158	0.00117317
0.439149	0.00117095
0.44014	0.00116868
0.441132	0.00116635
0.442123	0.00116395
0.443114	0.00116148
0.444106	0.00115894
0.445097	0.0011563
0.446089	0.00115355
0.447081	0.0011507
0.448072	0.00114772
0.449064	0.00114461
0.450056	0.00114137
0.451047	0.00113798
0.452039	0.00113446
0.453031	0.00113084
0.454023	0.00112719
0.455015	0.00112358
0.456007	0.00112002
0.456999	0.00111654
0.457991	0.00111317
0.458983	0.00110991
0.459975	0.00110678
0.460968	0.00110381
0.46196	0.001101
0.462952	0.00109837
0.463944	0.00109592
0.464937	0.00109367
0.465929	0.00109164
0.466921	0.00108983
0.467914	0.00108819
0.468906	0.00108667
0.469899	0.00108522
0.470891	0.00108382
0.471884	0.00108245
0.472876	0.0010811
0.473869	0.00107977
0.474862	0.00107842
0.475854	0.00107706
0.476847	0.00107567
0.47784	0.00107429
0.478832	0.00107289
0.479825	0.00107144
0.480818	0.00106995
0.481811	0.0010684
0.482804	0.00106681
0.483797	0.00106516
0.484789	0.00106344
0.485782	0.00106165
0.486775	0.00105978
0.487768	0.00105784
0.488761	0.00105582
0.489755	0.00105369
0.490748	0.00105145
0.491741	0.00104911
0.492734	0.00104665
0.493727	0.00104405
0.494721	0.0010413
0.495714	0.00103841
0.496707	0.00103539
0.4977	0.0010323
0.498694	0.0010292
0.499687	0.00102614
0.500681	0.00102317
0.501674	0.00102031
0.502668	0.00101761
0.503661	0.00101509
0.504655	0.00101276
0.505648	0.00101066
0.506642	0.00100882
0.507635	0.00100724
0.508629	0.00100595
0.509623	0.00100497
0.510616	0.00100435
0.51161	0.00100408
0.512604	0.00100407
0.513597	0.0010042
0.514591	0.00100439
0.515585	0.00100456
0.516579	0.00100467
0.517573	0.00100468
0.518566	0.00100453
0.51956	0.00100419
0.520554	0.00100367
0.521548	0.0010029
0.522542	0.00100184
0.523536	0.00100047
0.52453	0.000998765
0.525524	0.000996683
0.526518	0.00099422
0.527512	0.000991435
0.528506	0.000988446
0.5295	0.000985312
0.530494	0.000982062
0.531488	0.00097874
0.532483	0.000975384
0.533477	0.000971999
0.533477	0.000971999
0.534471	0.000968628
0.535466	0.000965346
0.53646	0.000962122
0.537454	0.000958937
0.538449	0.000955835
0.539443	0.000952827
0.540437	0.000949924
0.541432	0.000947139
0.542426	0.000944488
0.543421	0.000941993
0.544415	0.000939675
0.54541	0.000937552
0.546404	0.00093564
0.547399	0.000933955
0.548393	0.000932512
0.549388	0.000931326
0.550383	0.000930411
0.551377	0.00092979
0.552372	0.000929486
0.553366	0.000929509
0.554361	0.000929878
0.555356	0.000930633
0.55635	0.000931787
0.557345	0.000933274
0.55834	0.000934959
0.559334	0.000936701
0.560329	0.000938388
0.561324	0.000939932
0.562318	0.000941268
0.563313	0.000942353
0.564308	0.000943109
0.565302	0.000943469
0.566297	0.000943395
0.567292	0.00094284
0.568287	0.000941741
0.569282	0.000940058
0.570277	0.000937771
0.571272	0.000934808
0.572267	0.000931203
0.573262	0.000927136
0.574257	0.000922793
0.575252	0.00091832
0.576247	0.000913839
0.577242	0.000909443
0.578237	0.000905197
0.579232	0.000901162
0.580227	0.0008974
0.581222	0.000893956
0.582218	0.000890877
0.583213	0.000888223
0.584208	0.000886064
0.585203	0.000884431
0.586199	0.000883366
0.587194	0.00088288
0.588189	0.000882846
0.589184	0.000883118
0.59018	0.00088358
0.591175	0.000884121
0.59217	0.000884671
0.593165	0.000885174
0.594161	0.000885582
0.595156	0.000885841
0.596151	0.00088589
0.597147	0.0008857
0.598142	0.000885232
0.599137	0.000884442
0.600133	0.000883293
0.601128	0.000881742
0.602124	0.000879771
0.603119	0.000877438
0.604115	0.000874865
0.60511	0.000872156
0.606106	0.000869359
0.607101	0.000866523
0.608097	0.000863708
0.609092	0.000860962
0.610088	0.000858305
0.611084	0.000855771
0.612079	0.000853397
0.613075	0.000851193
0.614071	0.000849183
0.615066	0.000847401
0.616062	0.000845866
0.617058	0.000844602
0.618053	0.000843603
0.619049	0.000842807
0.620045	0.000842154
0.621041	0.000841605
0.622036	0.000841133
0.623032	0.000840719
0.624028	0.000840335
0.625024	0.000839959
0.626019	0.000839586
0.627015	0.000839207
0.628011	0.000838803
0.629007	0.00083836
0.630002	0.000837868
0.630998	0.000837312
0.631994	0.000836693
0.63299	0.000836013
0.633986	0.000835268
0.634982	0.000834479
0.635978	0.00083367
0.636974	0.00083283
0.637969	0.000831962
0.638965	0.000831086
0.639961	0.00083021
0.640957	0.000829329
0.641953	0.000828443
0.642949	0.000827554
0.643945	0.000826667
0.644941	0.00082579
0.645937	0.00082493
0.646933	0.000824083
0.647929	0.000823237
0.648925	0.000822396
0.649921	0.000821571
0.650917	0.000820758
0.651913	0.000819951
0.652909	0.00081914
0.653905	0.000818316
0.654902	0.000817478
0.655898	0.000816638
0.656894	0.000815805
0.65789	0.000814977
0.658886	0.00081415
0.659882	0.000813309
0.660878	0.000812452
0.661874	0.00081158
0.662871	0.000810702
0.663867	0.000809827
0.664863	0.000808952
0.665859	0.000808075
0.666855	0.000807187
0.667852	0.000806277
0.668848	0.000805346
0.669844	0.000804407
0.67084	0.000803469
0.671837	0.000802529
0.672833	0.000801584
0.673829	0.000800619
0.674826	0.000799632
0.675822	0.000798625
0.676818	0.000797605
0.677814	0.000796582
0.678811	0.000795547
0.679807	0.000794497
0.680804	0.000793428
0.6818	0.000792333
0.682796	0.000791213
0.683793	0.000790065
0.684789	0.00078888
0.685786	0.000787659
0.686782	0.000786399
0.687778	0.000785093
0.688775	0.000783739
0.689771	0.00078234
0.690768	0.000780902
0.691764	0.000779415
0.692761	0.000777867
0.693757	0.000776259
0.694754	0.00077461
0.69575	0.000772949
0.696747	0.000771291
0.697743	0.00076966
0.69874	0.000768073
0.699736	0.000766536
0.700733	0.000765063
0.70173	0.000763676
0.702726	0.000762381
0.703723	0.000761172
0.704719	0.000760069
0.705716	0.000759092
0.706713	0.000758241
0.707709	0.000757525
0.708706	0.000756951
0.709702	0.000756511
0.710699	0.000756194
0.711696	0.000755984
0.712692	0.000755876
0.713689	0.000755856
0.714686	0.000755913
0.715682	0.000756038
0.716679	0.000756213
0.717676	0.000756439
0.718672	0.000756733
0.719669	0.000757089
0.720666	0.000757504
0.721662	0.000757972
0.722659	0.00075848
0.723656	0.000759034
0.724652	0.000759645
0.725649	0.000760295
0.726646	0.000760958
0.727642	0.000761613
0.728639	0.000762245
0.729636	0.000762838
0.730632	0.00076337
0.731629	0.000763834
0.732626	0.000764235
0.733623	0.000764563
0.734619	0.000764806
0.735616	0.000764959
0.736613	0.000765013
0.73761	0.000764946
0.738606	0.000764754
0.739603	0.000764437
0.7406	0.000763995
0.741597	0.000763431
0.742594	0.000762735
0.74359	0.000761896
0.744587	0.000760908
0.745584	0.00075977
0.746581	0.000758484
0.747578	0.000757041
0.748575	0.000755428
0.749572	0.000753637
0.750569	0.000751662
0.751565	0.000749501
0.752562	0.000747142
0.753559	0.000744579
0.754556	0.000741771
0.755553	0.00073879
0.75655	0.000735632
0.757547	0.000732512
0.758544	0.000729511
0.759541	0.000726625
0.760538	0.000724015
0.761535	0.000721666
0.762532	0.000719652
0.763529	0.000718017
0.764526	0.000716777
0.765524	0.000716016
0.766521	0.000715751
0.767518	0.000716024
0.768515	0.000716939
0.769512	0.000718493
0.770509	0.000720694
0.771506	0.000723446
0.772503	0.000726555
0.7735	0.000729829
0.774497	0.000733135
0.775494	0.000736359
0.776491	0.00073939
0.777488	0.000742123
0.778485	0.000744471
0.779482	0.000746366
0.780479	0.000747737
0.781476	0.000748502
0.782473	0.000748588
0.78347	0.000747931
0.784467	0.000746453
0.785464	0.000744098
0.786461	0.000740901
0.787458	0.000737085
0.788455	0.000732874
0.789453	0.000728515
0.79045	0.000724018
0.791447	0.000719659
0.792444	0.000715478
0.793442	0.000711442
0.794439	0.000707793
0.795436	0.0007045
0.796433	0.000701696
0.797431	0.000699406
0.798428	0.000697736
0.799425	0.000696666
0.800422	0.000696404
0.80142	0.000696782
0.802417	0.000697781
0.803414	0.000699345
0.804411	0.000701125
0.805409	0.000703148
0.806406	0.000705268
0.807403	0.000707435
0.8084	0.000709574
0.809398	0.000711635
0.810395	0.000713565
0.811392	0.000715314
0.812389	0.00071682
0.813386	0.000718029
0.814384	0.000718904
0.815381	0.000719418
0.816378	0.000719532
0.817376	0.00071926
0.818373	0.000718662
0.81937	0.000717793
0.820368	0.000716701
0.821365	0.000715426
0.822362	0.000714002
0.82336	0.000712462
0.824357	0.000710824
0.825354	0.000709094
0.826352	0.000707276
0.827349	0.000705394
0.828346	0.000703473
0.829344	0.000701519
0.830341	0.00069953
0.831339	0.000697503
0.832336	0.000695456
0.833334	0.000693424
0.834331	0.000691408
0.835329	0.000689452
0.836326	0.000687501
0.837324	0.00068563
0.838321	0.000683841
0.839319	0.000682097
0.840316	0.000680463
0.841314	0.00067891
0.842311	0.000677469
0.843309	0.000676126
0.844306	0.000674898
0.845304	0.000673804
0.846301	0.000672861
0.847299	0.000672064
0.848296	0.000671368
0.849294	0.000670795
0.850291	0.000670294
0.851289	0.000669856
0.852287	0.000669497
0.853284	0.000669148
0.854282	0.000668823
0.855279	0.000668528
0.856277	0.000668251
0.857274	0.000667976
0.858272	0.000667705
0.85927	0.000667432
0.860267	0.000667141
0.861265	0.000666827
0.862262	0.000666488
0.86326	0.000666135
0.864258	0.000665779
0.865255	0.000665414
0.866253	0.000665054
0.867251	0.000664723
0.868248	0.000664415
0.869246	0.000664134
0.870243	0.000663889
0.871241	0.000663679
0.872239	0.000663505
0.873236	0.000663369
0.874234	0.000663286
0.875232	0.00066327
0.876229	0.000663325
0.877227	0.000663452
0.878225	0.000663643
0.879222	0.00066387
0.88022	0.000664118
0.881218	0.000664378
0.882215	0.000664629
0.883213	0.000664855
0.884211	0.000665038
0.885208	0.00066516
0.886206	0.000665218
0.887204	0.000665212
0.888201	0.000665122
0.889199	0.000664938
0.890197	0.000664657
0.891195	0.000664272
0.892192	0.000663782
0.89319	0.000663172
0.894188	0.000662428
0.895186	0.000661553
0.896183	0.000660566
0.897181	0.00065947
0.898179	0.000658258
0.899177	0.000656931
0.900174	0.000655496
0.901172	0.000653923
0.90217	0.000652243
0.903168	0.00065039
0.904166	0.000648452
0.905164	0.00064639
0.906161	0.000644135
0.907159	0.000641783
0.908157	0.000639257
0.909155	0.000636591
0.910153	0.000633829
0.911151	0.000631027
0.912149	0.00062824
0.913147	0.000625521
0.914145	0.000622915
0.915143	0.000620452
0.916141	0.00061815
0.917139	0.000616037
0.918136	0.000614135
0.919134	0.000612465
0.920132	0.00061105
0.92113	0.000609911
0.922128	0.00060908
0.923126	0.000608581
0.924124	0.000608428
0.925122	0.000608598
0.92612	0.000609019
0.927118	0.00060964
0.928116	0.00061041
0.929114	0.000611313
0.930112	0.000612262
0.93111	0.000613348
0.932108	0.000614415
0.933106	0.000615488
0.934103	0.000616632
0.935101	0.000617692
0.936099	0.000618754
0.937097	0.000619759
0.938095	0.000620708
0.939093	0.000621575
0.940091	0.000622346
0.941089	0.000623023
0.942087	0.000623613
0.943085	0.000624096
0.944083	0.00062446
0.945081	0.0006247
0.946079	0.000624808
0.947077	0.000624777
0.948075	0.000624594
0.949073	0.000624249
0.950071	0.000623735
0.951069	0.000623047
0.952067	0.000622183
0.953065	0.000621132
0.954063	0.000619882
0.955061	0.000618438
0.956059	0.000616798
0.957057	0.000615048
0.958055	0.00061322
0.959053	0.000611314
0.960051	0.00060939
0.961049	0.000607456
0.962048	0.000605543
0.963046	0.000603672
0.964044	0.00060186
0.965042	0.000600117
0.96604	0.000598458
0.967038	0.0005969
0.968036	0.000595446
0.969034	0.000594109
0.970032	0.000592913
0.971031	0.000591856
0.972029	0.000590917
0.973027	0.000590073
0.974025	0.000589301
0.975023	0.000588586
0.976021	0.000587923
0.977019	0.000587306
0.978018	0.000586728
0.979016	0.000586178
0.980014	0.000585653
0.981012	0.000585145
0.98201	0.000584644
0.983008	0.000584145
0.984007	0.000583645
0.985005	0.000583143
0.986003	0.000582639
0.987001	0.000582126
0.987999	0.000581597
0.988998	0.000581047
0.989996	0.000580475
0.990994	0.000579874
0.991992	0.000579236
0.99299	0.000578553
0.993989	0.000577822
0.994987	0.000577035
0.995985	0.000576188
0.996983	0.000575286
0.997981	0.000574307
0.99898	0.000573248
0.999978	0.000572116
1.00098	0.000570909
1.00197	0.000569645
1.00297	0.000568344
1.00397	0.000567049
1.00497	0.000565808
1.00597	0.000564638
1.00697	0.00056356
1.00796	0.000562608
1.00896	0.000561805
1.00996	0.000561175
1.01096	0.000560733
1.01196	0.000560495
1.01296	0.000560471
1.01395	0.000560684
1.01495	0.000561165
1.01595	0.000561915
1.01695	0.000562964
1.01795	0.000564189
1.01894	0.000565628
1.01994	0.000567069
1.02094	0.000568506
1.02194	0.000569985
1.02294	0.000571315
1.02394	0.000572563
1.02493	0.000573645
1.02593	0.000574538
1.02693	0.000575202
1.02793	0.000575604
1.02893	0.000575714
1.02993	0.000575492
1.03092	0.00057493
1.03192	0.000573969
1.03292	0.000572683
1.03392	0.000571131
1.03492	0.000569344
1.03592	0.000567444
1.03691	0.000565455
1.03791	0.000563421
1.03891	0.000561381
1.03991	0.00055937
1.04091	0.000557417
1.04191	0.000555544
1.0429	0.000553777
1.0439	0.000552141
1.0449	0.000550664
1.0459	0.000549376
1.0469	0.000548291
1.0479	0.000547402
1.04889	0.000546678
1.04989	0.000546083
1.05089	0.000545577
1.05189	0.000545115
1.05289	0.00054467
1.05389	0.000544225
1.05489	0.000543749
1.05588	0.000543234
1.05688	0.000542669
1.05788	0.000542018
1.05888	0.000541273
1.05988	0.000540425
1.06088	0.000539458
1.06187	0.000538362
1.06287	0.000537115
1.06387	0.000535731
1.06487	0.000534271
1.06587	0.000532789
1.06687	0.00053133
1.06786	0.000529931
1.06886	0.000528622
1.06986	0.000527422
1.07086	0.000526346
1.07186	0.000525393
1.07286	0.000524616
1.07286	0.000524616
1.07386	0.000524084
1.07485	0.000523767
1.07585	0.000523667
1.07685	0.000523833
1.07785	0.000524275
1.07885	0.000524996
1.07985	0.000525945
1.08084	0.000527037
1.08184	0.000528203
1.08284	0.00052939
1.08384	0.00053055
1.08484	0.000531642
1.08584	0.00053263
1.08684	0.000533477
1.08783	0.000534151
1.08883	0.000534623
1.08983	0.000534863
1.09083	0.000534846
1.09183	0.000534537
1.09283	0.000533908
1.09382	0.000532941
1.09482	0.000531649
1.09582	0.000530099
1.09682	0.000528361
1.09782	0.000526492
1.09882	0.00052452
1.09982	0.000522473
1.10081	0.000520384
1.10181	0.000518278
1.10281	0.000516178
1.10381	0.000514104
1.10481	0.000512076
1.10581	0.000510109
1.10681	0.000508222
1.1078	0.000506428
1.1088	0.000504745
1.1098	0.000503201
1.1108	0.00050178
1.1118	0.000500456
1.1128	0.000499215
1.1138	0.000498065
1.11479	0.000497034
1.11579	0.000496105
1.11679	0.000495261
1.11779	0.000494511
1.11879	0.000493854
1.11979	0.000493287
1.12079	0.000492817
1.12179	0.000492457
1.12278	0.000492204
1.12378	0.000492056
1.12478	0.00049202
1.12578	0.000492078
1.12678	0.000492211
1.12778	0.00049242
1.12878	0.000492682
1.12977	0.000492983
1.13077	0.000493311
1.13177	0.000493653
1.13277	0.000494003
1.13377	0.000494365
1.13477	0.00049473
1.13577	0.000495083
1.13676	0.000495414
1.13776	0.000495722
1.13876	0.00049602
1.13976	0.000496298
1.14076	0.000496531
1.14176	0.000496702
1.14276	0.000496799
1.14375	0.000496815
1.14475	0.000496731
1.14575	0.000496524
1.14675	0.000496175
1.14775	0.000495678
1.14875	0.000495033
1.14975	0.00049422
1.15075	0.000493219
1.15174	0.000492018
1.15274	0.000490618
1.15374	0.000489008
1.15474	0.000487168
1.15574	0.00048509
1.15674	0.00048281
1.15774	0.000480409
1.15873	0.000477941
1.15973	0.000475445
1.16073	0.000472962
1.16173	0.000470529
1.16273	0.000468196
1.16373	0.000465979
1.16473	0.000463897
1.16573	0.000461969
1.16672	0.000460222
1.16772	0.0004587
1.16872	0.000457421
1.16972	0.000456394
1.17072	0.000455637
1.17172	0.000455145
1.17272	0.000454883
1.17372	0.000454797
1.17471	0.000454842
1.17571	0.000454984
1.17671	0.00045518
1.17771	0.000455403
1.17871	0.000455638
1.17971	0.000455868
1.18071	0.000456071
1.18171	0.000456222
1.1827	0.000456305
1.1837	0.000456311
1.1847	0.000456231
1.1857	0.000456042
1.1867	0.000455721
1.1877	0.000455275
1.1887	0.000454724
1.1897	0.00045408
1.19069	0.000453356
1.19169	0.000452562
1.19269	0.00045171
1.19369	0.000450798
1.19469	0.000449826
1.19569	0.0004488
1.19669	0.000447719
1.19769	0.000446591
1.19869	0.000445424
1.19968	0.000444214
1.20068	0.000442951
1.20168	0.000441637
1.20268	0.000440294
1.20368	0.000438943
1.20468	0.000437602
1.20568	0.000436294
1.20668	0.000435034
1.20767	0.000433843
1.20867	0.000432734
1.20967	0.000431716
1.21067	0.000430808
1.21167	0.000430027
1.21267	0.000429379
1.21367	0.000428874
1.21467	0.000428518
1.21567	0.000428327
1.21666	0.000428318
1.21766	0.000428493
1.21866	0.000428826
1.21966	0.00042926
1.22066	0.000429744
1.22166	0.000430234
1.22266	0.000430695
1.22366	0.000431104
1.22465	0.000431439
1.22565	0.00043168
1.22665	0.000431798
1.22765	0.000431757
1.22865	0.000431534
1.22965	0.000431118
1.23065	0.000430494
1.23165	0.00042964
1.23265	0.000428535
1.23364	0.000427182
1.23464	0.000425616
1.23564	0.000423884
1.23664	0.000422025
1.23764	0.000420073
1.23864	0.000418046
1.23964	0.000415952
1.24064	0.000413807
1.24164	0.000411638
1.24263	0.000409466
1.24363	0.000407296
1.24463	0.000405137
1.24563	0.000403002
1.24663	0.0004009
1.24763	0.000398844
1.24863	0.000396847
1.24963	0.000394918
1.25063	0.000393062
1.25162	0.000391285
1.25262	0.000389593
1.25362	0.000387995
1.25462	0.000386501
1.25562	0.000385119
1.25662	0.000383859
1.25762	0.000382725
1.25862	0.00038172
1.25962	0.000380853
1.26062	0.000380131
1.26161	0.000379565
1.26261	0.000379166
1.26361	0.00037894
1.26461	0.000378867
1.26561	0.000378899
1.26661	0.000378978
1.26761	0.00037906
1.26861	0.000379114
1.26961	0.000379112
1.2706	0.000379023
1.2716	0.000378816
1.2726	0.000378462
1.2736	0.00037794
1.2746	0.000377223
1.2756	0.000376281
1.2766	0.000375107
1.2776	0.000373684
1.2786	0.000371977
1.2796	0.000369991
1.28059	0.00036777
1.28159	0.000365379
1.28259	0.000362893
1.28359	0.000360362
1.28459	0.000357831
1.28559	0.000355344
1.28659	0.000352909
1.28759	0.000350551
1.28859	0.000348324
1.28959	0.000346254
1.29058	0.000344352
1.29158	0.000342638
1.29258	0.000341135
1.29358	0.000339867
1.29458	0.000338853
1.29558	0.000338078
1.29658	0.000337485
1.29758	0.00033701
1.29858	0.000336607
1.29958	0.00033624
1.30058	0.000335872
1.30157	0.000335467
1.30257	0.000334991
1.30357	0.000334419
1.30457	0.000333722
1.30557	0.000332875
1.30657	0.000331862
1.30757	0.000330657
1.30857	0.000329241
1.30957	0.000327601
1.31057	0.000325736
1.31156	0.000323663
1.31256	0.000321412
1.31356	0.000319019
1.31456	0.000316517
1.31556	0.000313932
1.31656	0.000311293
1.31756	0.000308613
1.31856	0.000305896
1.31956	0.000303146
1.32056	0.000300386
1.32156	0.000297637
1.32255	0.000294904
1.32355	0.000292196
1.32455	0.000289521
1.32555	0.000286887
1.32655	0.0002843
1.32755	0.000281768
1.32855	0.000279295
1.32955	0.000276888
1.33055	0.000274551
1.33155	0.00027229
1.33255	0.000270107
1.33355	0.000268005
1.33454	0.000265984
1.33554	0.000264045
1.33654	0.000262195
1.33754	0.000260445
1.33854	0.00025881
1.33954	0.000257288
1.34054	0.000255868
1.34154	0.000254541
1.34254	0.000253288
1.34354	0.000252079
1.34454	0.00025088
1.34553	0.00024966
1.34653	0.000248398
1.34753	0.000247074
1.34853	0.000245677
1.34953	0.000244195
1.35053	0.00024261
1.35153	0.000240902
1.35253	0.000239053
1.35353	0.00023705
1.35453	0.000234875
1.35553	0.000232519
1.35653	0.000229986
1.35752	0.000227291
1.35852	0.000224461
1.35952	0.000221525
1.36052	0.000218503
1.36152	0.000215412
1.36252	0.000212266
1.36352	0.00020908
1.36452	0.000205867
1.36552	0.000202644
1.36652	0.000199426
1.36752	0.00019622
1.36852	0.00019303
1.36952	0.000189859
1.37051	0.000186716
1.37151	0.00018361
1.37251	0.000180556
1.37351	0.000177541
1.37451	0.000174541
1.37551	0.000171554
1.37651	0.00016857
1.37751	0.000165583
1.37851	0.000162592
1.37951	0.000159581
1.38051	0.000156548
1.38151	0.000153506
1.38251	0.000150448
1.38351	0.000147367
1.3845	0.000144273
1.3855	0.000141167
1.3865	0.000138039
1.3875	0.000134876
1.3885	0.000131679
1.3895	0.000128463
1.3905	0.000125235
1.3915	0.000122
1.3925	0.000118765
1.3935	0.000115526
1.3945	0.000112286
1.3955	0.000109047
1.3965	0.000105818
1.3975	0.000102608
1.3985	9.94013e-05
1.39949	9.62037e-05
1.40049	9.30261e-05
1.40149	8.9862e-05
1.40249	8.67128e-05
1.40349	8.35756e-05
1.40449	8.04429e-05
1.40549	7.73127e-05
1.40649	7.41769e-05
1.40749	7.10302e-05
1.40849	6.78796e-05
1.40949	6.47209e-05
1.41049	6.15499e-05
1.41149	5.8365e-05
1.41249	5.51616e-05
1.41349	5.1937e-05
1.41448	4.86989e-05
1.41548	4.54537e-05
1.41648	4.21964e-05
1.41748	3.89374e-05
1.41848	3.56864e-05
1.41948	3.24479e-05
1.42048	2.92242e-05
1.42148	2.60202e-05
1.42248	2.28443e-05
1.42348	1.96952e-05
1.42448	1.65792e-05
1.42548	1.34999e-05
1.42648	1.04657e-05
1.42748	7.48512e-06
1.42848	4.55767e-06
1.42948	1.68779e-06
1.43048	1.39151e-06
1.43148	3.87567e-06
1.43248	6.55846e-06
1.43347	9.16394e-06
1.43447	1.16931e-05
1.43547	1.41437e-05
1.43647	1.6524e-05
1.43747	1.88402e-05
1.43847	2.10757e-05
1.43947	2.32304e-05
1.44047	2.5303e-05
1.44147	2.72887e-05
1.44247	2.9186e-05
1.44347	3.10059e-05
1.44447	3.27412e-05
1.44547	3.43854e-05
1.44647	3.59706e-05
1.44747	3.74512e-05
1.44847	3.88685e-05
1.44947	4.02322e-05
1.45047	4.14639e-05
1.45147	4.26415e-05
1.45247	4.38108e-05
1.45347	4.50175e-05
1.45447	4.61698e-05
1.45547	4.70745e-05
1.45647	4.78356e-05
1.45747	4.85633e-05
1.45846	4.92413e-05
1.45946	4.98694e-05
1.46046	5.04336e-05
1.46146	5.09248e-05
1.46246	5.13531e-05
1.46346	5.17254e-05
1.46446	5.20413e-05
1.46546	5.23132e-05
1.46646	5.25556e-05
1.46746	5.27642e-05
1.46846	5.29289e-05
1.46946	5.30619e-05
1.47046	5.31626e-05
1.47146	5.32358e-05
1.47246	5.32896e-05
1.47346	5.33308e-05
1.47446	5.33678e-05
1.47546	5.34e-05
1.47646	5.34166e-05
1.47746	5.34217e-05
1.47846	5.34183e-05
1.47946	5.3429e-05
1.48046	5.3429e-05
1.48146	5.34373e-05
1.48246	5.35008e-05
1.48346	5.38847e-05
1.48446	5.41332e-05
1.48546	5.64171e-05
1.48646	5.69772e-05
)
