(title "Pressure Coefficient")
(labels "Position" "Pressure Coefficient")

((xy/key/label "upper")
0.0176544	-2.61302
0.0181052	-2.62121
0.0185781	-2.62646
0.0190725	-2.6279
0.0195877	-2.62382
0.0201199	-2.61966
0.0206644	-2.62406
0.021221	-2.63861
0.0217936	-2.65491
0.0223848	-2.66224
0.022992	-2.65949
0.0236111	-2.65448
0.02424	-2.65361
0.02488	-2.65549
0.0255325	-2.65483
0.0261973	-2.64907
0.0268726	-2.63966
0.0275563	-2.63042
0.0282471	-2.62392
0.0289451	-2.62038
0.0296508	-2.61858
0.0303642	-2.61703
0.0310852	-2.61494
0.0318133	-2.61221
0.0325482	-2.60909
0.0332895	-2.60577
0.0340369	-2.60239
0.0347902	-2.59903
0.0355491	-2.59576
0.0363134	-2.59267
0.0370829	-2.58985
0.0378573	-2.58739
0.0386364	-2.58544
0.0394201	-2.58408
0.0402083	-2.5832
0.0410009	-2.58265
0.0417979	-2.58223
0.0425993	-2.58173
0.0434049	-2.581
0.0442148	-2.57989
0.0450289	-2.57829
0.045847	-2.57607
0.0466692	-2.57313
0.0474952	-2.56947
0.0483249	-2.56522
0.049158	-2.56061
0.0499944	-2.55587
0.0508338	-2.55124
0.051676	-2.54693
0.052521	-2.54304
0.0533687	-2.53961
0.0542189	-2.53665
0.0550717	-2.53417
0.055927	-2.5322
0.0567846	-2.53073
0.0576447	-2.52973
0.0585072	-2.52909
0.0593721	-2.52867
0.0602395	-2.52833
0.0611094	-2.5279
0.0619817	-2.52723
0.0628565	-2.52621
0.0637337	-2.5248
0.0646133	-2.52303
0.0646133	-2.52303
0.0654951	-2.52099
0.0663791	-2.51868
0.0672652	-2.51613
0.0681533	-2.51344
0.0690435	-2.51066
0.0699355	-2.50783
0.0708295	-2.50496
0.0717252	-2.50206
0.0726228	-2.49914
0.0735222	-2.49619
0.0744232	-2.49322
0.075326	-2.49022
0.0762303	-2.4872
0.0771363	-2.48418
0.0780439	-2.48115
0.078953	-2.47813
0.0798635	-2.47512
0.0807756	-2.47216
0.081689	-2.46924
0.0826038	-2.4664
0.0835199	-2.46365
0.0844374	-2.46101
0.0853561	-2.45849
0.0862761	-2.45609
0.0871973	-2.45379
0.0881197	-2.45159
0.0890434	-2.44948
0.0899683	-2.44745
0.0908944	-2.44549
0.0918216	-2.44358
0.09275	-2.44173
0.0936795	-2.43992
0.0946101	-2.43814
0.0955419	-2.43638
0.0964747	-2.43462
0.0974087	-2.43284
0.0983438	-2.43102
0.0992799	-2.42914
0.100217	-2.42719
0.101155	-2.42515
0.102095	-2.423
0.103035	-2.42072
0.103977	-2.41831
0.104919	-2.41576
0.105862	-2.41311
0.106807	-2.41036
0.107752	-2.40753
0.108698	-2.40463
0.109645	-2.4017
0.110593	-2.39874
0.111542	-2.39578
0.112491	-2.39283
0.113442	-2.38992
0.114393	-2.38705
0.115344	-2.38424
0.116297	-2.38147
0.11725	-2.37874
0.118204	-2.37605
0.119159	-2.37339
0.120115	-2.37076
0.121071	-2.36816
0.122028	-2.36557
0.122985	-2.363
0.123944	-2.36043
0.124903	-2.35785
0.125862	-2.35528
0.126823	-2.3527
0.127784	-2.35012
0.128745	-2.34754
0.129707	-2.34497
0.13067	-2.34239
0.131633	-2.33982
0.132597	-2.33725
0.133562	-2.3347
0.134527	-2.33215
0.135493	-2.32963
0.136459	-2.32712
0.137426	-2.32463
0.138393	-2.32217
0.139361	-2.31971
0.140329	-2.31727
0.141298	-2.31483
0.142267	-2.31238
0.143237	-2.30993
0.144208	-2.30746
0.145179	-2.30497
0.14615	-2.30245
0.147122	-2.29989
0.148095	-2.29729
0.149067	-2.29464
0.150041	-2.29194
0.151015	-2.28918
0.151989	-2.28638
0.152964	-2.28354
0.153939	-2.28067
0.154915	-2.27778
0.155891	-2.27488
0.156867	-2.27197
0.157844	-2.26905
0.158821	-2.26615
0.159799	-2.26327
0.160777	-2.26042
0.161755	-2.25761
0.162734	-2.25483
0.163713	-2.25211
0.164692	-2.24942
0.165672	-2.24678
0.166652	-2.24418
0.167632	-2.24161
0.168613	-2.23908
0.169594	-2.23657
0.170575	-2.23409
0.171557	-2.23162
0.172539	-2.22917
0.173521	-2.22674
0.174504	-2.22431
0.175487	-2.22189
0.17647	-2.21947
0.177453	-2.21705
0.178437	-2.21462
0.179421	-2.21218
0.180406	-2.20974
0.181391	-2.20729
0.182376	-2.20483
0.183361	-2.20235
0.184346	-2.19986
0.185332	-2.19735
0.186318	-2.19482
0.187305	-2.19228
0.188291	-2.18971
0.189278	-2.18712
0.190265	-2.18451
0.191253	-2.18188
0.192241	-2.17923
0.193228	-2.17657
0.194217	-2.17391
0.195205	-2.17125
0.196194	-2.16859
0.197182	-2.16595
0.198171	-2.16332
0.199161	-2.16071
0.20015	-2.15813
0.201139	-2.15559
0.202129	-2.15308
0.203119	-2.15062
0.204109	-2.14822
0.2051	-2.14586
0.20609	-2.14354
0.207081	-2.14126
0.208072	-2.13902
0.209063	-2.13682
0.210054	-2.13463
0.211045	-2.13246
0.212037	-2.13031
0.213028	-2.12815
0.21402	-2.12599
0.215012	-2.12382
0.216005	-2.12162
0.216997	-2.1194
0.21799	-2.11714
0.218983	-2.11484
0.219976	-2.11251
0.220969	-2.11015
0.221962	-2.10776
0.222956	-2.10534
0.223949	-2.10291
0.224943	-2.10047
0.225937	-2.09802
0.226931	-2.09558
0.227925	-2.09314
0.22892	-2.09071
0.229914	-2.0883
0.230908	-2.08591
0.231903	-2.08356
0.232898	-2.08124
0.233893	-2.07895
0.234888	-2.07671
0.235883	-2.07449
0.236878	-2.07231
0.237873	-2.07016
0.238869	-2.06803
0.239864	-2.06592
0.24086	-2.06384
0.241856	-2.06177
0.242851	-2.05971
0.243847	-2.05765
0.244843	-2.0556
0.24584	-2.05354
0.246836	-2.05148
0.247832	-2.04941
0.248829	-2.04734
0.249825	-2.04525
0.250822	-2.04316
0.251819	-2.04106
0.252816	-2.03895
0.253812	-2.03683
0.254809	-2.03471
0.255807	-2.03258
0.256804	-2.03046
0.257801	-2.02832
0.258798	-2.02619
0.259796	-2.02406
0.260793	-2.02194
0.261791	-2.01981
0.262789	-2.01769
0.263786	-2.01558
0.264784	-2.01347
0.265782	-2.01137
0.26678	-2.00928
0.267778	-2.00719
0.268776	-2.00511
0.269774	-2.00303
0.270772	-2.00096
0.27177	-1.9989
0.272768	-1.99684
0.273767	-1.99478
0.274765	-1.99273
0.275764	-1.99069
0.276762	-1.98865
0.277761	-1.98661
0.278759	-1.98458
0.279758	-1.98255
0.280756	-1.98053
0.281755	-1.9785
0.282754	-1.97649
0.283753	-1.97448
0.284752	-1.97247
0.28575	-1.97047
0.286749	-1.96848
0.287748	-1.96649
0.288747	-1.9645
0.289746	-1.96253
0.290745	-1.96056
0.291744	-1.95859
0.292744	-1.95664
0.293743	-1.95469
0.294742	-1.95274
0.295741	-1.95081
0.29674	-1.94888
0.297739	-1.94695
0.298739	-1.94502
0.299738	-1.9431
0.300737	-1.94119
0.301737	-1.93927
0.302736	-1.93736
0.303735	-1.93545
0.304735	-1.93354
0.305734	-1.93163
0.306733	-1.92972
0.307733	-1.92781
0.308732	-1.92589
0.309732	-1.92398
0.310731	-1.92207
0.311731	-1.92015
0.31273	-1.91824
0.31373	-1.91633
0.314729	-1.91442
0.315729	-1.91251
0.316728	-1.91061
0.317728	-1.90871
0.318727	-1.90682
0.319727	-1.90494
0.320726	-1.90306
0.321726	-1.90119
0.322725	-1.89933
0.323725	-1.89747
0.324724	-1.89563
0.325724	-1.89379
0.326723	-1.89196
0.327723	-1.89014
0.328722	-1.88832
0.329722	-1.88651
0.330721	-1.8847
0.33172	-1.8829
0.33272	-1.8811
0.333719	-1.8793
0.334719	-1.87751
0.335718	-1.87571
0.336717	-1.87392
0.337717	-1.87212
0.338716	-1.87033
0.339716	-1.86853
0.340715	-1.86674
0.341714	-1.86494
0.342713	-1.86315
0.343713	-1.86135
0.344712	-1.85956
0.345711	-1.85778
0.34671	-1.85599
0.347709	-1.85421
0.348708	-1.85243
0.349708	-1.85065
0.350707	-1.84888
0.351706	-1.84711
0.352705	-1.84534
0.353704	-1.84358
0.354703	-1.84183
0.355702	-1.84008
0.3567	-1.83834
0.357699	-1.83661
0.358698	-1.83488
0.359697	-1.83315
0.360696	-1.83144
0.361694	-1.82973
0.362693	-1.82802
0.363692	-1.82632
0.36469	-1.82463
0.365689	-1.82295
0.366688	-1.82127
0.367686	-1.8196
0.368685	-1.81794
0.369683	-1.81629
0.370681	-1.81464
0.37168	-1.813
0.372678	-1.81136
0.373676	-1.80973
0.374675	-1.80811
0.375673	-1.80649
0.376671	-1.80488
0.377669	-1.80328
0.378667	-1.80168
0.379665	-1.80008
0.380663	-1.79849
0.381661	-1.79691
0.382659	-1.79533
0.383656	-1.79375
0.384654	-1.79218
0.385652	-1.79061
0.386649	-1.78905
0.387647	-1.7875
0.388645	-1.78594
0.389642	-1.7844
0.390639	-1.78286
0.391637	-1.78133
0.392634	-1.77981
0.393631	-1.77829
0.394628	-1.77679
0.395626	-1.77529
0.396623	-1.7738
0.39762	-1.77233
0.398617	-1.77087
0.399614	-1.76942
0.400611	-1.76798
0.401607	-1.76655
0.402604	-1.76514
0.403601	-1.76374
0.404597	-1.76235
0.405594	-1.76097
0.406591	-1.7596
0.407587	-1.75825
0.408583	-1.7569
0.40958	-1.75556
0.410576	-1.75422
0.411572	-1.7529
0.412568	-1.75158
0.413564	-1.75026
0.41456	-1.74894
0.415556	-1.74763
0.416552	-1.74632
0.417547	-1.74501
0.418543	-1.7437
0.419538	-1.74239
0.420534	-1.74107
0.421529	-1.73976
0.422524	-1.73845
0.42352	-1.73714
0.424515	-1.73583
0.42551	-1.73451
0.426505	-1.7332
0.4275	-1.73188
0.428494	-1.73056
0.429489	-1.72923
0.430484	-1.7279
0.431478	-1.72656
0.432473	-1.7252
0.433467	-1.72382
0.434462	-1.7224
0.435456	-1.72094
0.43645	-1.71942
0.437445	-1.71783
0.438439	-1.71613
0.439433	-1.71429
0.440426	-1.71229
0.44142	-1.71007
0.442414	-1.70759
0.443408	-1.70482
0.444401	-1.70172
0.445395	-1.69832
0.446388	-1.69461
0.447381	-1.69062
0.448374	-1.68634
0.449367	-1.68183
0.45036	-1.67712
0.451353	-1.67228
0.452346	-1.66739
0.453339	-1.6625
0.454331	-1.65766
0.455324	-1.65291
0.456316	-1.64827
0.457308	-1.64376
0.458301	-1.63939
0.459293	-1.63518
0.460285	-1.63113
0.461276	-1.62723
0.462268	-1.6235
0.46326	-1.61995
0.464251	-1.61656
0.465243	-1.61334
0.466234	-1.61028
0.467226	-1.60737
0.468217	-1.6046
0.469208	-1.60195
0.470199	-1.59942
0.471189	-1.59701
0.47218	-1.59469
0.473171	-1.59244
0.474161	-1.59025
0.475151	-1.58809
0.476142	-1.58595
0.477132	-1.58383
0.478121	-1.58172
0.479111	-1.5796
0.480101	-1.57747
0.48109	-1.57533
0.48208	-1.57318
0.483069	-1.57102
0.484058	-1.56886
0.485047	-1.56667
0.486036	-1.56448
0.487025	-1.56229
0.488013	-1.56009
0.489002	-1.55789
0.48999	-1.55569
0.490978	-1.5535
0.491966	-1.55133
0.492954	-1.54918
0.493942	-1.54703
0.49493	-1.54489
0.495918	-1.54276
0.496905	-1.54063
0.497893	-1.5385
0.49888	-1.53636
0.499867	-1.5342
0.500854	-1.53204
0.501841	-1.52985
0.502828	-1.52764
0.503814	-1.52539
0.504801	-1.52312
0.505787	-1.52081
0.506773	-1.51846
0.507759	-1.51606
0.508745	-1.51361
0.509731	-1.51112
0.510716	-1.50861
0.511702	-1.50607
0.512687	-1.50351
0.513672	-1.50094
0.514657	-1.49835
0.515642	-1.49576
0.516627	-1.49318
0.517611	-1.49061
0.518596	-1.48807
0.51958	-1.48556
0.520564	-1.48309
0.521549	-1.48068
0.522533	-1.47833
0.523517	-1.47604
0.5245	-1.4738
0.525484	-1.47162
0.526468	-1.46946
0.527451	-1.46733
0.528434	-1.46521
0.529417	-1.46309
0.5304	-1.46096
0.531383	-1.4588
0.532366	-1.45661
0.533348	-1.45437
0.53433	-1.45208
0.535312	-1.44971
0.536294	-1.44726
0.537276	-1.44469
0.538258	-1.44202
0.539239	-1.43923
0.54022	-1.43633
0.541201	-1.43335
0.542182	-1.43029
0.543163	-1.42717
0.544143	-1.42401
0.545123	-1.42082
0.546104	-1.4176
0.547084	-1.41437
0.548064	-1.41113
0.549043	-1.40791
0.550023	-1.40471
0.551002	-1.40154
0.551982	-1.39842
0.552961	-1.39535
0.55394	-1.39235
0.554919	-1.38942
0.555898	-1.38654
0.556877	-1.38372
0.557855	-1.38093
0.558834	-1.37819
0.559812	-1.37548
0.56079	-1.3728
0.561768	-1.37015
0.562746	-1.36753
0.563724	-1.36493
0.564702	-1.36235
0.565679	-1.35978
0.566657	-1.35724
0.567634	-1.35472
0.568611	-1.35221
0.569588	-1.34971
0.570565	-1.34722
0.571542	-1.34473
0.572519	-1.34225
0.573495	-1.33976
0.574471	-1.33728
0.575448	-1.33477
0.576424	-1.33226
0.5774	-1.32973
0.578375	-1.32718
0.579351	-1.3246
0.580326	-1.322
0.581302	-1.31936
0.582277	-1.31668
0.583251	-1.31395
0.584226	-1.31116
0.585201	-1.30832
0.586175	-1.30542
0.587149	-1.30248
0.588124	-1.29951
0.589097	-1.2965
0.590071	-1.29347
0.591045	-1.29042
0.592018	-1.28736
0.592992	-1.28428
0.593965	-1.28121
0.594938	-1.27812
0.595911	-1.27504
0.596883	-1.27197
0.597856	-1.26891
0.598829	-1.26586
0.599801	-1.26284
0.600773	-1.25984
0.601745	-1.25687
0.602717	-1.25392
0.603689	-1.25098
0.604661	-1.24807
0.605633	-1.24517
0.606604	-1.24229
0.607576	-1.23942
0.608547	-1.23657
0.609518	-1.23373
0.610489	-1.2309
0.61146	-1.22809
0.612431	-1.22529
0.613402	-1.22251
0.614372	-1.21974
0.615343	-1.21698
0.616313	-1.21424
0.617283	-1.21151
0.618253	-1.2088
0.619223	-1.2061
0.620193	-1.20341
0.621163	-1.20074
0.622133	-1.19807
0.623102	-1.19541
0.624072	-1.19277
0.625041	-1.19014
0.62601	-1.18751
0.626979	-1.1849
0.627948	-1.1823
0.628917	-1.17971
0.629886	-1.17713
0.630854	-1.17456
0.631823	-1.172
0.632791	-1.16946
0.633759	-1.16692
0.634728	-1.16439
0.635696	-1.16187
0.636663	-1.15934
0.637631	-1.15682
0.638599	-1.1543
0.639566	-1.15177
0.640534	-1.14924
0.641501	-1.14669
0.642468	-1.14414
0.643435	-1.14158
0.644402	-1.139
0.645369	-1.1364
0.646336	-1.13377
0.647302	-1.13112
0.648269	-1.12845
0.649235	-1.12574
0.650201	-1.12302
0.651167	-1.12029
0.652133	-1.11754
0.653099	-1.11479
0.654064	-1.11204
0.65503	-1.10929
0.655995	-1.10654
0.65696	-1.1038
0.657926	-1.10106
0.658891	-1.09835
0.659856	-1.09564
0.660821	-1.09296
0.661786	-1.0903
0.66275	-1.08767
0.66275	-1.08767
0.663715	-1.08508
0.66468	-1.08252
0.665644	-1.07998
0.666608	-1.07747
0.667573	-1.07499
0.668537	-1.07252
0.669501	-1.07008
0.670465	-1.06766
0.671429	-1.06525
0.672393	-1.06286
0.673357	-1.06049
0.674321	-1.05813
0.675284	-1.05578
0.676248	-1.05344
0.677211	-1.05112
0.678174	-1.0488
0.679138	-1.0465
0.680101	-1.0442
0.681064	-1.04191
0.682027	-1.03963
0.68299	-1.03736
0.683952	-1.03509
0.684915	-1.03283
0.685878	-1.03057
0.68684	-1.02833
0.687802	-1.02608
0.688765	-1.02384
0.689727	-1.02161
0.690689	-1.01938
0.691651	-1.01715
0.692613	-1.01493
0.693575	-1.01271
0.694536	-1.0105
0.695498	-1.00828
0.69646	-1.00607
0.697421	-1.00387
0.698382	-1.00166
0.699344	-0.99946
0.700305	-0.997256
0.701266	-0.995052
0.702227	-0.992847
0.703187	-0.990641
0.704148	-0.988434
0.705109	-0.986223
0.706069	-0.984009
0.70703	-0.98179
0.70799	-0.979565
0.70895	-0.977332
0.70991	-0.97509
0.71087	-0.972836
0.71183	-0.970569
0.71279	-0.968291
0.713749	-0.966008
0.714709	-0.963722
0.715668	-0.961435
0.716628	-0.959151
0.717587	-0.956871
0.718546	-0.954597
0.719505	-0.952331
0.720464	-0.950077
0.721423	-0.947836
0.722382	-0.945611
0.723341	-0.943403
0.7243	-0.941217
0.725258	-0.939057
0.726217	-0.936925
0.727175	-0.934828
0.728134	-0.932764
0.729092	-0.930729
0.730051	-0.928717
0.731009	-0.926723
0.731967	-0.924744
0.732925	-0.922775
0.733883	-0.920811
0.734841	-0.91885
0.735799	-0.916887
0.736756	-0.914919
0.737714	-0.912943
0.738671	-0.910955
0.739629	-0.908951
0.740586	-0.906925
0.741543	-0.904872
0.7425	-0.902784
0.743457	-0.900658
0.744414	-0.898495
0.74537	-0.8963
0.746327	-0.894081
0.747283	-0.891845
0.74824	-0.889595
0.749196	-0.887338
0.750152	-0.885077
0.751108	-0.882817
0.752064	-0.88056
0.75302	-0.87831
0.753976	-0.876072
0.754932	-0.87385
0.755888	-0.87165
0.756843	-0.869474
0.757799	-0.867328
0.758754	-0.865221
0.75971	-0.863156
0.760665	-0.86113
0.761621	-0.859139
0.762576	-0.857175
0.763531	-0.855235
0.764486	-0.853318
0.765442	-0.851417
0.766397	-0.849529
0.767352	-0.847651
0.768307	-0.845782
0.769261	-0.843918
0.770216	-0.842056
0.771171	-0.840194
0.772126	-0.838328
0.77308	-0.836455
0.774035	-0.834571
0.774989	-0.832672
0.775943	-0.830757
0.776897	-0.828826
0.777851	-0.826883
0.778805	-0.824929
0.779759	-0.822967
0.780713	-0.820999
0.781667	-0.819027
0.78262	-0.817053
0.783574	-0.815077
0.784527	-0.8131
0.785481	-0.811122
0.786434	-0.809148
0.787387	-0.807176
0.788341	-0.805209
0.789294	-0.803248
0.790247	-0.801294
0.7912	-0.799348
0.792153	-0.797411
0.793105	-0.795483
0.794058	-0.793564
0.795011	-0.791653
0.795963	-0.789749
0.796916	-0.787852
0.797869	-0.785963
0.798821	-0.78408
0.799773	-0.782204
0.800726	-0.780335
0.801678	-0.778472
0.80263	-0.776616
0.803582	-0.774766
0.804534	-0.772924
0.805486	-0.771089
0.806438	-0.769261
0.80739	-0.76744
0.808342	-0.765628
0.809294	-0.763823
0.810245	-0.762024
0.811197	-0.760232
0.812148	-0.758446
0.8131	-0.756665
0.814051	-0.754889
0.815003	-0.753117
0.815954	-0.75135
0.816905	-0.749586
0.817856	-0.747826
0.818807	-0.746068
0.819758	-0.744313
0.820709	-0.742561
0.82166	-0.74081
0.822611	-0.739062
0.823562	-0.737314
0.824512	-0.735567
0.825463	-0.733821
0.826413	-0.732075
0.827364	-0.730329
0.828314	-0.728582
0.829264	-0.726834
0.830215	-0.725086
0.831165	-0.723335
0.832115	-0.721583
0.833065	-0.719828
0.834015	-0.718071
0.834965	-0.716309
0.835914	-0.714543
0.836864	-0.712772
0.837814	-0.710995
0.838763	-0.709211
0.839713	-0.707418
0.840662	-0.705617
0.841612	-0.703809
0.842561	-0.701996
0.84351	-0.700181
0.844459	-0.698364
0.845408	-0.696547
0.846357	-0.694731
0.847306	-0.692917
0.848255	-0.691105
0.849204	-0.689298
0.850152	-0.687496
0.851101	-0.685701
0.85205	-0.683913
0.852998	-0.682134
0.853947	-0.680365
0.854895	-0.678608
0.855844	-0.676865
0.856792	-0.675135
0.857741	-0.673417
0.858689	-0.671712
0.859637	-0.670018
0.860586	-0.668334
0.861534	-0.66666
0.862482	-0.664996
0.86343	-0.663341
0.864378	-0.661694
0.865326	-0.660056
0.866274	-0.658427
0.867222	-0.656807
0.86817	-0.655197
0.869118	-0.653596
0.870066	-0.652004
0.871013	-0.650422
0.871961	-0.64885
0.872909	-0.647288
0.873856	-0.645734
0.874804	-0.644186
0.875751	-0.642642
0.876699	-0.6411
0.877646	-0.63956
0.878593	-0.638018
0.879541	-0.636474
0.880488	-0.634926
0.881435	-0.633373
0.882382	-0.631813
0.883329	-0.630244
0.884276	-0.628664
0.885222	-0.627071
0.886169	-0.625463
0.887116	-0.623835
0.888062	-0.622185
0.889009	-0.620515
0.889955	-0.618826
0.890902	-0.617123
0.891848	-0.615408
0.892794	-0.613684
0.89374	-0.611954
0.894686	-0.610221
0.895632	-0.608486
0.896578	-0.606752
0.897524	-0.605019
0.89847	-0.603292
0.899416	-0.60157
0.900361	-0.599856
0.901307	-0.598153
0.902253	-0.596463
0.903199	-0.594789
0.904144	-0.593135
0.90509	-0.5915
0.906035	-0.589883
0.906981	-0.588281
0.907927	-0.586695
0.908872	-0.585122
0.909818	-0.583562
0.910763	-0.582014
0.911709	-0.580477
0.912654	-0.578951
0.913599	-0.577435
0.914545	-0.575929
0.91549	-0.574434
0.916436	-0.572947
0.917381	-0.571471
0.918326	-0.570003
0.919271	-0.568545
0.920217	-0.567097
0.921162	-0.565659
0.922107	-0.564228
0.923052	-0.562804
0.923997	-0.561386
0.924942	-0.559972
0.925887	-0.558562
0.926832	-0.557153
0.927777	-0.555745
0.928722	-0.554336
0.929667	-0.552926
0.930611	-0.551514
0.931556	-0.550098
0.932501	-0.548676
0.933445	-0.547247
0.93439	-0.54581
0.935334	-0.544362
0.936279	-0.542902
0.937223	-0.541427
0.938167	-0.539941
0.939112	-0.538445
0.940056	-0.536941
0.941	-0.53543
0.941944	-0.533916
0.942888	-0.532398
0.943832	-0.530878
0.944776	-0.529357
0.94572	-0.527836
0.946663	-0.526317
0.947607	-0.5248
0.948551	-0.523287
0.949495	-0.521777
0.950438	-0.520274
0.951382	-0.518778
0.952325	-0.517291
0.953269	-0.515813
0.954213	-0.514345
0.955156	-0.512886
0.9561	-0.511433
0.957043	-0.509988
0.957987	-0.508548
0.95893	-0.507113
0.959873	-0.505684
0.960817	-0.50426
0.96176	-0.50284
0.962703	-0.501424
0.963647	-0.500012
0.96459	-0.498604
0.965533	-0.497199
0.966476	-0.495798
0.967419	-0.494399
0.968362	-0.493003
0.969306	-0.49161
0.970249	-0.490218
0.971192	-0.48883
0.972135	-0.487444
0.973077	-0.48606
0.97402	-0.484678
0.974963	-0.4833
0.975906	-0.481924
0.976849	-0.480549
0.977792	-0.479177
0.978734	-0.477808
0.979677	-0.476441
0.98062	-0.475076
0.981563	-0.473714
0.982505	-0.472353
0.983448	-0.470995
0.98439	-0.469639
0.985333	-0.468285
0.986275	-0.466934
0.987218	-0.465584
0.98816	-0.464234
0.989103	-0.462887
0.990045	-0.46154
0.990987	-0.460193
0.991929	-0.458846
0.992872	-0.457499
0.993814	-0.45615
0.994756	-0.454801
0.995698	-0.453449
0.99664	-0.452096
0.997582	-0.450739
0.998524	-0.449379
0.999466	-0.448015
1.00041	-0.446645
1.00135	-0.44527
1.00229	-0.443888
1.00323	-0.442501
1.00418	-0.441111
1.00512	-0.439718
1.00606	-0.438324
1.007	-0.43693
1.00794	-0.435537
1.00888	-0.434144
1.00983	-0.432753
1.01077	-0.431365
1.01171	-0.429981
1.01265	-0.4286
1.01359	-0.427225
1.01453	-0.425857
1.01547	-0.424498
1.01642	-0.423146
1.01736	-0.421805
1.0183	-0.420475
1.01924	-0.419154
1.02018	-0.417841
1.02112	-0.416537
1.02206	-0.41524
1.02301	-0.413949
1.02395	-0.412663
1.02489	-0.411383
1.02583	-0.410106
1.02677	-0.408832
1.02771	-0.407562
1.02865	-0.406294
1.0296	-0.405028
1.03054	-0.403762
1.03148	-0.402497
1.03242	-0.401232
1.03336	-0.399965
1.0343	-0.398696
1.03524	-0.397425
1.03618	-0.396155
1.03713	-0.394884
1.03807	-0.393614
1.03901	-0.392346
1.03995	-0.391081
1.04089	-0.389819
1.04183	-0.388562
1.04277	-0.387308
1.04371	-0.38606
1.04465	-0.384817
1.04559	-0.383581
1.04654	-0.382352
1.04748	-0.381132
1.04842	-0.379922
1.04936	-0.378724
1.0503	-0.377539
1.05124	-0.376366
1.05218	-0.375203
1.05312	-0.374048
1.05406	-0.372899
1.05501	-0.371754
1.05595	-0.370612
1.05689	-0.36947
1.05783	-0.368328
1.05877	-0.367183
1.05971	-0.366035
1.06065	-0.364882
1.06159	-0.363721
1.06253	-0.362552
1.06347	-0.361371
1.06441	-0.360177
1.06535	-0.358966
1.06629	-0.357734
1.06723	-0.356483
1.06818	-0.355215
1.06912	-0.353933
1.07006	-0.35264
1.071	-0.351338
1.07194	-0.350031
1.07288	-0.34872
1.07382	-0.347407
1.07476	-0.346095
1.0757	-0.344785
1.07664	-0.343479
1.07758	-0.34218
1.07852	-0.34089
1.07946	-0.339611
1.0804	-0.338345
1.08134	-0.337096
1.08228	-0.335867
1.08322	-0.334661
1.08416	-0.333475
1.0851	-0.332307
1.08604	-0.331153
1.08698	-0.330013
1.08792	-0.328883
1.08886	-0.327762
1.0898	-0.326648
1.09074	-0.325539
1.09168	-0.324433
1.09262	-0.323329
1.09356	-0.322224
1.0945	-0.321119
1.09544	-0.320009
1.09638	-0.318894
1.09732	-0.317772
1.09826	-0.316639
1.09921	-0.315493
1.10015	-0.314333
1.10109	-0.313163
1.10203	-0.311984
1.10297	-0.310798
1.10391	-0.309606
1.10485	-0.308408
1.10579	-0.307206
1.10673	-0.306001
1.10767	-0.304813
1.10767	-0.304813
1.10861	-0.303692
1.10955	-0.302563
1.11049	-0.301354
1.11143	-0.300143
1.11237	-0.298955
1.11331	-0.297776
1.11425	-0.296611
1.11519	-0.295459
1.11613	-0.294321
1.11707	-0.293193
1.11801	-0.292075
1.11895	-0.290965
1.11989	-0.289862
1.12083	-0.288766
1.12177	-0.287675
1.12271	-0.286589
1.12365	-0.285506
1.12459	-0.284425
1.12553	-0.283347
1.12647	-0.282269
1.12741	-0.281192
1.12835	-0.280115
1.12929	-0.279036
1.13023	-0.277956
1.13117	-0.276872
1.13211	-0.275784
1.13305	-0.274692
1.13399	-0.273596
1.13493	-0.272499
1.13587	-0.2714
1.13681	-0.2703
1.13775	-0.269201
1.13869	-0.268102
1.13963	-0.267004
1.14057	-0.265907
1.14151	-0.264812
1.14245	-0.263719
1.14339	-0.262629
1.14433	-0.261542
1.14527	-0.26046
1.14621	-0.259382
1.14715	-0.25831
1.14809	-0.257244
1.14903	-0.256184
1.14997	-0.255131
1.15091	-0.254081
1.15185	-0.253036
1.15279	-0.251993
1.15373	-0.250953
1.15467	-0.249914
1.15561	-0.248876
1.15655	-0.247838
1.15749	-0.2468
1.15843	-0.245761
1.15937	-0.244719
1.16031	-0.243676
1.16125	-0.242629
1.16219	-0.241578
1.16313	-0.240522
1.16407	-0.239458
1.16501	-0.238387
1.16595	-0.237309
1.16689	-0.236226
1.16783	-0.235139
1.16877	-0.234051
1.16971	-0.232961
1.17065	-0.231871
1.17159	-0.230781
1.17253	-0.229693
1.17347	-0.228608
1.17441	-0.227527
1.17535	-0.22645
1.17629	-0.225378
1.17723	-0.224314
1.17817	-0.223258
1.17911	-0.222211
1.18005	-0.221176
1.18099	-0.220154
1.18193	-0.219145
1.18287	-0.218147
1.18381	-0.217158
1.18475	-0.216176
1.18569	-0.2152
1.18663	-0.214229
1.18758	-0.213262
1.18852	-0.212297
1.18946	-0.211333
1.1904	-0.21037
1.19134	-0.209405
1.19228	-0.208438
1.19322	-0.207468
1.19416	-0.206493
1.1951	-0.205512
1.19604	-0.204521
1.19698	-0.203521
1.19792	-0.20251
1.19886	-0.201489
1.1998	-0.20046
1.20074	-0.199424
1.20168	-0.198382
1.20262	-0.197335
1.20356	-0.196284
1.2045	-0.195229
1.20544	-0.194171
1.20638	-0.193111
1.20732	-0.19205
1.20826	-0.190989
1.2092	-0.189927
1.21014	-0.188866
1.21108	-0.187807
1.21202	-0.18675
1.21296	-0.185695
1.2139	-0.184643
1.21484	-0.183595
1.21578	-0.18255
1.21672	-0.181511
1.21766	-0.180476
1.2186	-0.179446
1.21955	-0.178422
1.22049	-0.177404
1.22143	-0.176393
1.22237	-0.17539
1.22331	-0.174394
1.22425	-0.173406
1.22519	-0.172427
1.22613	-0.171457
1.22707	-0.170498
1.22801	-0.169552
1.22895	-0.16862
1.22989	-0.167703
1.23083	-0.1668
1.23177	-0.165909
1.23272	-0.165028
1.23366	-0.164155
1.2346	-0.163287
1.23554	-0.162425
1.23648	-0.161565
1.23742	-0.160706
1.23836	-0.159847
1.2393	-0.158985
1.24025	-0.15812
1.24119	-0.157249
1.24213	-0.156371
1.24307	-0.155483
1.24401	-0.154584
1.24495	-0.15367
1.24589	-0.152738
1.24683	-0.151788
1.24777	-0.150823
1.24872	-0.149844
1.24966	-0.148854
1.2506	-0.147856
1.25154	-0.146851
1.25248	-0.145842
1.25342	-0.144831
1.25436	-0.143818
1.2553	-0.142805
1.25624	-0.141795
1.25719	-0.140789
1.25813	-0.139788
1.25907	-0.138795
1.26001	-0.137811
1.26095	-0.13684
1.26189	-0.135883
1.26283	-0.134943
1.26377	-0.134018
1.26472	-0.133106
1.26566	-0.132205
1.2666	-0.131313
1.26754	-0.130429
1.26848	-0.129551
1.26942	-0.128679
1.27037	-0.12781
1.27131	-0.126945
1.27225	-0.126082
1.27319	-0.125218
1.27413	-0.124354
1.27507	-0.123487
1.27602	-0.122617
1.27696	-0.121741
1.2779	-0.120859
1.27884	-0.119967
1.27978	-0.119067
1.28073	-0.11816
1.28167	-0.117248
1.28261	-0.11633
1.28355	-0.115409
1.28449	-0.114485
1.28544	-0.113558
1.28638	-0.11263
1.28732	-0.111702
1.28826	-0.110774
1.2892	-0.109846
1.29015	-0.10892
1.29109	-0.107996
1.29203	-0.107074
1.29297	-0.106156
1.29391	-0.105243
1.29486	-0.104334
1.2958	-0.103432
1.29674	-0.102534
1.29768	-0.101641
1.29862	-0.100753
1.29957	-0.0998688
1.30051	-0.098989
1.30145	-0.0981128
1.30239	-0.0972407
1.30334	-0.0963726
1.30428	-0.0955084
1.30522	-0.0946481
1.30617	-0.0937919
1.30711	-0.0929401
1.30805	-0.0920926
1.30899	-0.0912501
1.30994	-0.0904129
1.31088	-0.0895811
1.31182	-0.0887547
1.31277	-0.0879335
1.31371	-0.0871161
1.31465	-0.0863015
1.3156	-0.0854886
1.31654	-0.0846767
1.31748	-0.0838651
1.31842	-0.0830529
1.31937	-0.0822394
1.32031	-0.081424
1.32125	-0.0806057
1.3222	-0.0797831
1.32314	-0.0789554
1.32408	-0.0781218
1.32503	-0.0772808
1.32597	-0.0764306
1.32691	-0.0755697
1.32786	-0.0746975
1.3288	-0.0738151
1.32974	-0.0729244
1.33069	-0.072027
1.33163	-0.0711243
1.33257	-0.0702179
1.33352	-0.0693092
1.33446	-0.0683998
1.3354	-0.0674905
1.33635	-0.0665824
1.33729	-0.0656768
1.33823	-0.0647752
1.33918	-0.0638789
1.34012	-0.0629892
1.34106	-0.0621077
1.34201	-0.0612363
1.34295	-0.0603769
1.3439	-0.0595308
1.34484	-0.0586973
1.34578	-0.0578747
1.34673	-0.0570618
1.34767	-0.0562572
1.34862	-0.0554597
1.34956	-0.0546685
1.3505	-0.0538827
1.35145	-0.053101
1.35239	-0.0523224
1.35334	-0.0515464
1.35428	-0.0507722
1.35523	-0.0499989
1.35617	-0.0492257
1.35712	-0.0484515
1.35806	-0.0476756
1.35901	-0.0468966
1.35995	-0.0461139
1.3609	-0.0453273
1.36184	-0.044537
1.36278	-0.0437437
1.36373	-0.042948
1.36467	-0.0421501
1.36562	-0.0413504
1.36656	-0.0405489
1.36751	-0.039746
1.36845	-0.0389418
1.3694	-0.0381361
1.37034	-0.0373295
1.37129	-0.0365222
1.37223	-0.0357141
1.37318	-0.0349053
1.37412	-0.0340959
1.37507	-0.0332858
1.37601	-0.0324749
1.37696	-0.0316635
1.37791	-0.0308521
1.37885	-0.0300408
1.3798	-0.0292299
1.38074	-0.02842
1.38169	-0.0276117
1.38263	-0.0268048
1.38358	-0.0259994
1.38452	-0.0251958
1.38547	-0.0243947
1.38641	-0.0235968
1.38736	-0.022802
1.38831	-0.0220105
1.38925	-0.0212232
1.3902	-0.0204406
1.39114	-0.0196631
1.39209	-0.0188911
1.39304	-0.018125
1.39398	-0.017364
1.39493	-0.0166073
1.39587	-0.0158545
1.39682	-0.0151047
1.39777	-0.0143572
1.39871	-0.0136114
1.39966	-0.0128669
1.40061	-0.0121235
1.40155	-0.0113807
1.4025	-0.0106375
1.40345	-0.00989311
1.40439	-0.00914721
1.40534	-0.00839961
1.40629	-0.00764963
1.40723	-0.00689608
1.40818	-0.00613809
1.40913	-0.00537586
1.41007	-0.00461002
1.41102	-0.00384094
1.41197	-0.00306892
1.41291	-0.00229465
1.41386	-0.00151868
1.41481	-0.000741442
1.41575	3.67817e-05
1.4167	0.000815706
1.41765	0.00159494
1.4186	0.00237414
1.41954	0.0031528
1.42049	0.00393062
1.42144	0.00470756
1.42239	0.00548322
1.42333	0.00625685
1.42428	0.00702816
1.42523	0.00779715
1.42617	0.00856369
1.42712	0.00932803
1.42807	0.0100906
1.42902	0.0108513
1.42997	0.01161
1.43091	0.0123666
1.43186	0.0131212
1.43281	0.0138739
1.43376	0.0146247
1.43471	0.0153736
1.43565	0.0161206
1.4366	0.0168656
1.43755	0.0176087
1.4385	0.0183497
1.43945	0.0190881
1.44039	0.0198241
1.44134	0.0205579
1.44229	0.0212895
1.44324	0.0220192
1.44419	0.0227472
1.44514	0.0234739
1.44609	0.0241994
1.44703	0.0249241
1.44798	0.0256482
1.44893	0.0263719
1.44988	0.0270955
1.45083	0.0278191
1.45178	0.0285429
1.45273	0.0292675
1.45368	0.0299932
1.45463	0.0307205
1.45558	0.0314497
1.45653	0.0321813
1.45747	0.0329154
1.45842	0.0336515
1.45937	0.0343893
1.46032	0.0351283
1.46127	0.0358678
1.46222	0.0366073
1.46317	0.0373462
1.46412	0.0380844
1.46507	0.0388215
1.46602	0.0395572
1.46697	0.0402907
1.46792	0.0410217
1.46887	0.0417497
1.46982	0.0424745
1.47077	0.0431949
1.47172	0.0439102
1.47267	0.0446203
1.47362	0.0453249
1.47457	0.046024
1.47552	0.0467182
1.47647	0.0474082
1.47742	0.0480945
1.47837	0.0487776
1.47933	0.0494577
1.48028	0.0501353
1.48123	0.0508107
1.48218	0.0514842
1.48313	0.0521562
1.48408	0.052827
1.48503	0.0534967
1.48598	0.0541659
1.48693	0.0548347
1.48788	0.0555037
1.48884	0.0561732
1.48979	0.0568431
1.49074	0.0575137
1.49169	0.0581851
1.49264	0.0588572
1.49359	0.05953
1.49455	0.0602034
1.4955	0.0608779
1.49645	0.0615535
1.4974	0.0622307
1.49835	0.0629094
1.4993	0.0635896
1.50026	0.0642713
1.50121	0.0649552
1.50216	0.0656416
1.50311	0.0663307
1.50406	0.0670229
1.50502	0.0677186
1.50597	0.0684177
1.50692	0.0691198
1.50787	0.0698246
1.50883	0.0705315
1.50978	0.0712399
1.51073	0.0719494
1.51168	0.0726597
1.51264	0.0733701
1.51359	0.0740805
1.51454	0.0747907
1.51549	0.0754999
1.51645	0.0762078
1.5174	0.076914
1.51835	0.077618
1.51931	0.0783193
1.52026	0.0790171
1.52121	0.0797111
1.52216	0.0804013
1.52312	0.0810876
1.52407	0.0817705
1.52502	0.0824502
1.52598	0.0831271
1.52693	0.0838014
1.52789	0.0844733
1.52884	0.0851431
1.52979	0.085811
1.53075	0.0864771
1.5317	0.0871417
1.53266	0.0878049
1.53361	0.0884669
1.53456	0.0891279
1.53552	0.0897881
1.53647	0.0904481
1.53743	0.0911079
1.53838	0.0917675
1.53934	0.0924269
1.54029	0.0930857
1.54124	0.0937439
1.5422	0.0944007
1.54315	0.095056
1.54411	0.0957096
1.54506	0.0963612
1.54602	0.0970107
1.54697	0.0976579
1.54793	0.0983023
1.54888	0.0989435
1.54984	0.0995811
1.55079	0.100215
1.55175	0.100843
1.55271	0.101466
1.55366	0.102083
1.55462	0.102694
1.55557	0.1033
1.55653	0.103902
1.55748	0.104502
1.55844	0.1051
1.5594	0.105699
1.56035	0.106298
1.56131	0.106899
1.56226	0.107503
1.56322	0.108111
1.56418	0.108724
1.56513	0.109342
1.56609	0.109969
1.56705	0.110604
1.568	0.111249
1.56896	0.111908
1.56991	0.112579
1.57087	0.113264
1.57183	0.113961
1.57278	0.114667
1.57374	0.115381
1.5747	0.116102
1.57565	0.116827
1.57661	0.117557
1.57757	0.118288
1.57852	0.11902
1.57948	0.119752
1.58044	0.120482
1.58139	0.121208
1.58235	0.121929
1.58331	0.122643
1.58426	0.123348
1.58522	0.124041
1.58618	0.124722
1.58713	0.125391
1.58809	0.126051
1.58905	0.126703
1.59001	0.127351
1.59096	0.127995
1.59192	0.128639
1.59288	0.129283
1.59384	0.129929
1.59479	0.13058
1.59575	0.131237
1.59671	0.131902
1.59767	0.132577
1.59862	0.133264
1.59958	0.133966
1.60054	0.134685
1.6015	0.135423
1.60245	0.136183
1.60341	0.136962
1.60437	0.137758
1.60533	0.138568
1.60628	0.139391
1.60724	0.140224
1.6082	0.141066
1.60916	0.141915
1.61011	0.142769
1.61107	0.143626
1.61203	0.144486
1.61299	0.145345
1.61394	0.146203
1.6149	0.147058
1.61586	0.147907
1.61682	0.148747
1.61777	0.149577
1.61873	0.150399
1.61969	0.151213
1.62065	0.152022
1.62161	0.152829
1.62257	0.153634
1.62352	0.154441
1.62448	0.15525
1.62544	0.156064
1.6264	0.156884
1.62736	0.157712
1.62832	0.15855
1.62927	0.1594
1.63023	0.160263
1.63119	0.161144
1.63215	0.162043
1.63311	0.162963
1.63407	0.163903
1.63503	0.16486
1.63598	0.165832
1.63694	0.166816
1.6379	0.167811
1.63886	0.168814
1.63982	0.169824
1.64078	0.170839
1.64173	0.171857
1.64269	0.172877
1.64365	0.173897
1.64461	0.174918
1.64557	0.175936
1.64653	0.176953
1.64749	0.177965
1.64845	0.178967
1.64941	0.179957
1.65037	0.180938
1.65133	0.181909
1.65229	0.182858
1.65325	0.183777
1.65421	0.184666
1.65517	0.185523
1.65613	0.186343
1.6571	0.18712
1.65806	0.187848
1.65902	0.188517
1.65998	0.189118
1.66095	0.189646
1.66191	0.190095
1.66288	0.190471
1.66384	0.190757
1.6648	0.190976
1.66577	0.191094
1.66673	0.191177
1.6677	0.190972
1.6677	0.190972
1.66866	0.190955
1.66963	0.189417
1.67059	0.187129
1.67156	0.174953
)
