(title "Pressure Coefficient")
(labels "Position" "Pressure Coefficient")

((xy/key/label "lower")
0.000592218	0.446566
0.000606704	0.300671
0.000639875	0.566501
0.000698189	0.133075
0.000736188	0.660873
0.000868955	0.733404
0.000882226	-0.0360383
0.00103013	0.789664
0.00117311	-0.176014
0.00122323	0.834861
0.00145044	0.871374
0.00156984	-0.26681
0.00204475	-0.31492
0.00257747	-0.3428
0.00315727	-0.361536
0.00377417	-0.375222
0.00441912	-0.388244
0.00508866	-0.401037
0.00578278	-0.409769
0.00649772	-0.413885
0.0072271	-0.417969
0.00796762	-0.425573
0.00871972	-0.435988
0.00948371	-0.446793
0.0102587	-0.456551
0.0110438	-0.465256
0.0118379	-0.473453
0.0126406	-0.48119
0.0134509	-0.48864
0.0142687	-0.495863
0.0150935	-0.502343
0.015925	-0.508126
0.0167626	-0.513387
0.0176058	-0.51862
0.0184541	-0.524113
0.0193075	-0.529448
0.0201664	-0.533939
0.0210309	-0.536527
0.0219007	-0.537174
0.0227747	-0.536553
0.0236519	-0.536082
0.0245314	-0.537032
0.0254133	-0.539428
0.026298	-0.542816
0.0271859	-0.546272
0.0280773	-0.548878
0.0289722	-0.550315
0.0298699	-0.550824
0.0307701	-0.550964
0.0316722	-0.551359
0.032576	-0.552418
0.0334813	-0.554241
0.0343885	-0.55671
0.0352974	-0.559603
0.0362082	-0.562694
0.0371209	-0.565793
0.0380355	-0.568787
0.0389519	-0.571629
0.0398701	-0.574292
0.0407901	-0.576755
0.0417119	-0.579001
0.0426353	-0.581031
0.0435603	-0.582876
0.0444868	-0.584575
0.0454148	-0.586176
0.0463441	-0.587729
0.0472748	-0.589276
0.0482068	-0.590843
0.04914	-0.592429
0.0500745	-0.594003
0.0510102	-0.59553
0.0519471	-0.596973
0.0528853	-0.598291
0.0538246	-0.599447
0.0547651	-0.600428
0.0557067	-0.601261
0.0566493	-0.601994
0.0575929	-0.602684
0.0585373	-0.603394
0.0594827	-0.604189
0.0604287	-0.605144
0.0613756	-0.606325
0.0623231	-0.607758
0.0632713	-0.609413
0.0642204	-0.611228
0.0651702	-0.613136
0.0661209	-0.615065
0.0670725	-0.616939
0.0680249	-0.618679
0.0689783	-0.620204
0.0699326	-0.621454
0.0708878	-0.622418
0.0718438	-0.623125
0.0728006	-0.62362
0.0737582	-0.623949
0.0747165	-0.624162
0.0756754	-0.624304
0.076635	-0.624423
0.0775951	-0.624569
0.0785557	-0.624788
0.0795169	-0.625109
0.0804786	-0.625539
0.0814408	-0.62607
0.0824034	-0.626691
0.0833666	-0.62739
0.0843303	-0.628156
0.0852945	-0.628977
0.0862592	-0.629845
0.0872243	-0.630748
0.08819	-0.631679
0.0891562	-0.632629
0.0901228	-0.633589
0.0910899	-0.634552
0.0920575	-0.635508
0.0930256	-0.636449
0.0939941	-0.637367
0.0949631	-0.638254
0.0959326	-0.6391
0.0969026	-0.639898
0.0978731	-0.640636
0.098844	-0.641306
0.0998153	-0.641901
0.100787	-0.642421
0.101759	-0.642876
0.102732	-0.643275
0.103705	-0.643629
0.104679	-0.643949
0.105652	-0.644246
0.106627	-0.644531
0.107601	-0.644817
0.108576	-0.645114
0.109551	-0.645437
0.110527	-0.645797
0.111503	-0.646203
0.112479	-0.646654
0.113456	-0.647147
0.114432	-0.647675
0.11541	-0.648232
0.116387	-0.648811
0.117365	-0.649407
0.118343	-0.650012
0.119321	-0.65062
0.1203	-0.651224
0.121279	-0.65182
0.122258	-0.652399
0.123238	-0.652958
0.124218	-0.653492
0.125198	-0.654
0.126178	-0.65448
0.127159	-0.654929
0.12814	-0.655346
0.129122	-0.65573
0.130103	-0.656077
0.131085	-0.656388
0.132068	-0.65666
0.13305	-0.656889
0.134033	-0.657074
0.135016	-0.657212
0.135999	-0.657303
0.136983	-0.657354
0.137967	-0.657368
0.138951	-0.657351
0.139935	-0.657312
0.14092	-0.657259
0.141905	-0.657196
0.142889	-0.657133
0.143875	-0.657078
0.14486	-0.657037
0.145846	-0.65702
0.146831	-0.657039
0.147817	-0.657098
0.148804	-0.657202
0.14979	-0.657351
0.150776	-0.657539
0.151763	-0.657759
0.15275	-0.658007
0.153737	-0.658273
0.154724	-0.658552
0.155712	-0.658836
0.156699	-0.659117
0.157687	-0.659387
0.158675	-0.65964
0.159663	-0.659867
0.160652	-0.660059
0.161641	-0.660213
0.162629	-0.660324
0.163618	-0.660395
0.164608	-0.660428
0.165597	-0.660422
0.166587	-0.660379
0.167576	-0.660304
0.168566	-0.660197
0.169556	-0.660061
0.170547	-0.659897
0.171537	-0.659707
0.172528	-0.659494
0.173518	-0.659258
0.174509	-0.659003
0.1755	-0.658729
0.176492	-0.658439
0.177483	-0.658134
0.178474	-0.657816
0.179466	-0.657486
0.180458	-0.657148
0.18145	-0.656801
0.182442	-0.656448
0.183434	-0.656091
0.184426	-0.655731
0.185419	-0.655371
0.186411	-0.655012
0.187404	-0.654656
0.188397	-0.654305
0.18939	-0.653959
0.190383	-0.653618
0.191376	-0.65328
0.192369	-0.652946
0.193362	-0.652616
0.194356	-0.652287
0.195349	-0.65196
0.196343	-0.651635
0.197337	-0.651309
0.198331	-0.650984
0.199325	-0.650658
0.200319	-0.650331
0.201313	-0.650001
0.202308	-0.64967
0.203302	-0.649335
0.204296	-0.648998
0.205291	-0.648657
0.206286	-0.648313
0.207281	-0.647965
0.208275	-0.647613
0.20927	-0.647257
0.210266	-0.646896
0.211261	-0.64653
0.211261	-0.64653
0.212256	-0.646161
0.213251	-0.645785
0.214247	-0.645403
0.215242	-0.645015
0.216238	-0.644621
0.217234	-0.644221
0.218229	-0.643815
0.219225	-0.643404
0.220221	-0.642986
0.221217	-0.642562
0.222213	-0.642131
0.22321	-0.641694
0.224206	-0.641252
0.225202	-0.640803
0.226199	-0.640347
0.227195	-0.639886
0.228192	-0.639418
0.229188	-0.638945
0.230185	-0.638464
0.231182	-0.637977
0.232179	-0.637482
0.233176	-0.636978
0.234173	-0.636465
0.23517	-0.635942
0.236167	-0.635408
0.237164	-0.634862
0.238161	-0.634304
0.239158	-0.633732
0.240156	-0.633145
0.241153	-0.632543
0.242151	-0.631925
0.243148	-0.63129
0.244146	-0.630637
0.245144	-0.629968
0.246141	-0.629282
0.247139	-0.628581
0.248137	-0.627865
0.249135	-0.627137
0.250133	-0.626396
0.251131	-0.625643
0.252129	-0.624881
0.253127	-0.624109
0.254125	-0.623329
0.255123	-0.622541
0.256121	-0.621748
0.25712	-0.620948
0.258118	-0.620145
0.259116	-0.619338
0.260115	-0.618527
0.261113	-0.617715
0.262112	-0.6169
0.26311	-0.616083
0.264109	-0.615266
0.265107	-0.614448
0.266106	-0.61363
0.267104	-0.612813
0.268103	-0.611998
0.269102	-0.611184
0.270101	-0.610372
0.271099	-0.609563
0.272098	-0.608757
0.273097	-0.607955
0.274096	-0.607155
0.275095	-0.606359
0.276094	-0.605564
0.277093	-0.604772
0.278092	-0.603982
0.279091	-0.603192
0.28009	-0.602404
0.281089	-0.601616
0.282088	-0.600828
0.283087	-0.600039
0.284086	-0.59925
0.285085	-0.598459
0.286084	-0.597667
0.287084	-0.596873
0.288083	-0.596076
0.289082	-0.595275
0.290081	-0.594472
0.291081	-0.593664
0.29208	-0.592852
0.293079	-0.592035
0.294078	-0.591212
0.295078	-0.590383
0.296077	-0.589547
0.297077	-0.588705
0.298076	-0.587854
0.299075	-0.586995
0.300075	-0.586129
0.301074	-0.585253
0.302074	-0.584369
0.303073	-0.583477
0.304073	-0.582577
0.305072	-0.58167
0.306072	-0.580756
0.307071	-0.579835
0.308071	-0.578909
0.309071	-0.577978
0.31007	-0.577041
0.31107	-0.5761
0.312069	-0.575155
0.313069	-0.574207
0.314069	-0.573256
0.315068	-0.572303
0.316068	-0.571347
0.317068	-0.570391
0.318067	-0.569433
0.319067	-0.568475
0.320067	-0.567517
0.321066	-0.56656
0.322066	-0.565604
0.323066	-0.56465
0.324065	-0.563699
0.325065	-0.56275
0.326065	-0.561805
0.327064	-0.560864
0.328064	-0.559928
0.329064	-0.558997
0.330063	-0.558071
0.331063	-0.55715
0.332063	-0.556235
0.333062	-0.555324
0.334062	-0.554418
0.335062	-0.553517
0.336062	-0.552619
0.337061	-0.551725
0.338061	-0.550833
0.339061	-0.549945
0.340061	-0.549059
0.34106	-0.548174
0.34206	-0.547291
0.34306	-0.54641
0.344059	-0.545529
0.345059	-0.544648
0.346059	-0.543768
0.347059	-0.542889
0.348058	-0.54201
0.349058	-0.541131
0.350058	-0.540253
0.351057	-0.539375
0.352057	-0.538498
0.353057	-0.537621
0.354056	-0.536746
0.355056	-0.535871
0.356056	-0.534997
0.357056	-0.534124
0.358055	-0.533252
0.359055	-0.532382
0.360055	-0.531512
0.361054	-0.530643
0.362054	-0.529773
0.363054	-0.528904
0.364053	-0.528033
0.365053	-0.52716
0.366052	-0.526286
0.367052	-0.525408
0.368052	-0.524528
0.369051	-0.523643
0.370051	-0.522753
0.371051	-0.521858
0.37205	-0.520957
0.37305	-0.52005
0.374049	-0.519137
0.375049	-0.518219
0.376048	-0.517295
0.377048	-0.516368
0.378047	-0.515438
0.379047	-0.514506
0.380047	-0.513573
0.381046	-0.51264
0.382046	-0.511708
0.383045	-0.510779
0.384045	-0.509853
0.385044	-0.508932
0.386044	-0.508017
0.387043	-0.507109
0.388042	-0.506208
0.389042	-0.505315
0.390041	-0.50443
0.391041	-0.503554
0.39204	-0.502684
0.39304	-0.501822
0.394039	-0.500965
0.395039	-0.500115
0.396038	-0.499269
0.397037	-0.498427
0.398037	-0.497588
0.399036	-0.496751
0.400035	-0.495916
0.401035	-0.495081
0.402034	-0.494245
0.403033	-0.493408
0.404033	-0.492569
0.405032	-0.491728
0.406031	-0.490885
0.407031	-0.490041
0.40803	-0.489196
0.409029	-0.488351
0.410028	-0.487505
0.411028	-0.486659
0.412027	-0.485814
0.413026	-0.484969
0.414025	-0.484126
0.415024	-0.483285
0.416023	-0.482446
0.417023	-0.48161
0.418022	-0.480777
0.419021	-0.479948
0.42002	-0.479121
0.421019	-0.478298
0.422018	-0.477478
0.423017	-0.476662
0.424016	-0.475848
0.425015	-0.475037
0.426015	-0.47423
0.427014	-0.473424
0.428013	-0.472622
0.429012	-0.471822
0.430011	-0.471024
0.43101	-0.470229
0.432009	-0.469435
0.433008	-0.468642
0.434007	-0.467851
0.435005	-0.467062
0.436004	-0.466274
0.437003	-0.465487
0.438002	-0.464701
0.439001	-0.463916
0.44	-0.463133
0.440999	-0.462351
0.441998	-0.46157
0.442996	-0.460791
0.443995	-0.460013
0.444994	-0.459236
0.445993	-0.45846
0.446992	-0.457685
0.44799	-0.456912
0.448989	-0.45614
0.449988	-0.455369
0.450986	-0.454599
0.451985	-0.453829
0.452984	-0.45306
0.453983	-0.452293
0.454981	-0.451526
0.45598	-0.450759
0.456978	-0.449992
0.457977	-0.449225
0.458976	-0.448459
0.459974	-0.447693
0.460973	-0.446927
0.461971	-0.446161
0.46297	-0.445395
0.463968	-0.444628
0.464967	-0.443862
0.465965	-0.443095
0.466964	-0.442329
0.467962	-0.441564
0.46896	-0.440799
0.469959	-0.440034
0.470957	-0.43927
0.471956	-0.438508
0.472954	-0.437747
0.473952	-0.436987
0.474951	-0.436229
0.475949	-0.435473
0.476947	-0.434719
0.477945	-0.433967
0.478944	-0.433217
0.479942	-0.432469
0.48094	-0.431724
0.481938	-0.430981
0.482937	-0.43024
0.483935	-0.429501
0.484933	-0.428765
0.485931	-0.428032
0.486929	-0.4273
0.487928	-0.426571
0.488926	-0.425844
0.489924	-0.425119
0.490922	-0.424396
0.49192	-0.423675
0.492918	-0.422956
0.493916	-0.42224
0.494914	-0.421525
0.495912	-0.420812
0.49691	-0.4201
0.497908	-0.419389
0.498906	-0.418681
0.499904	-0.417974
0.500902	-0.417268
0.5019	-0.416564
0.502898	-0.415861
0.503896	-0.415159
0.504894	-0.414459
0.505892	-0.41376
0.506889	-0.413062
0.507887	-0.412366
0.508885	-0.411671
0.509883	-0.410977
0.510881	-0.410284
0.511878	-0.409593
0.512876	-0.408902
0.513874	-0.408214
0.514872	-0.407528
0.515869	-0.406843
0.516867	-0.40616
0.517865	-0.405479
0.518862	-0.404801
0.51986	-0.404125
0.520858	-0.403451
0.521855	-0.402781
0.522853	-0.402113
0.523851	-0.401447
0.524848	-0.400784
0.525846	-0.400123
0.526843	-0.399465
0.527841	-0.39881
0.528838	-0.398157
0.529836	-0.397506
0.530833	-0.396857
0.531831	-0.396211
0.532828	-0.395566
0.533826	-0.394922
0.534823	-0.394281
0.535821	-0.393641
0.536818	-0.393002
0.537816	-0.392365
0.538813	-0.391729
0.53981	-0.391094
0.540808	-0.39046
0.541805	-0.389828
0.542802	-0.389196
0.5438	-0.388565
0.544797	-0.387936
0.545794	-0.387307
0.546791	-0.38668
0.547789	-0.386054
0.548786	-0.38543
0.549783	-0.384806
0.55078	-0.384185
0.551777	-0.383564
0.552774	-0.382946
0.553771	-0.382329
0.554769	-0.381714
0.555766	-0.3811
0.556763	-0.380488
0.55776	-0.379878
0.558757	-0.37927
0.559754	-0.378664
0.560751	-0.37806
0.561748	-0.377459
0.562745	-0.37686
0.563742	-0.376263
0.564739	-0.375668
0.565736	-0.375076
0.566733	-0.374486
0.56773	-0.373899
0.568727	-0.373315
0.569724	-0.372733
0.570721	-0.372154
0.571718	-0.371578
0.572715	-0.371004
0.573712	-0.370433
0.574709	-0.369865
0.575706	-0.369298
0.576703	-0.368734
0.5777	-0.368171
0.578696	-0.367611
0.579693	-0.367052
0.58069	-0.366494
0.581687	-0.365938
0.582684	-0.365382
0.58368	-0.364828
0.584677	-0.364275
0.585674	-0.363723
0.58667	-0.363172
0.587667	-0.362622
0.588664	-0.362072
0.58966	-0.361525
0.590657	-0.360978
0.591654	-0.360433
0.59265	-0.35989
0.593647	-0.359349
0.594643	-0.35881
0.59564	-0.358272
0.596636	-0.357737
0.597633	-0.357204
0.598629	-0.356674
0.599626	-0.356146
0.600622	-0.355621
0.601619	-0.355098
0.602615	-0.354578
0.603612	-0.35406
0.604608	-0.353545
0.605605	-0.353032
0.606601	-0.352521
0.607598	-0.352013
0.608594	-0.351507
0.609591	-0.351002
0.610587	-0.3505
0.611583	-0.349999
0.61258	-0.349499
0.613576	-0.349
0.614572	-0.348503
0.615569	-0.348006
0.616565	-0.34751
0.617561	-0.347014
0.618557	-0.346519
0.619554	-0.346024
0.62055	-0.34553
0.621546	-0.345036
0.622542	-0.344542
0.623538	-0.344047
0.624534	-0.343551
0.625531	-0.343055
0.626527	-0.342558
0.627523	-0.342059
0.628519	-0.34156
0.629515	-0.341058
0.630511	-0.340555
0.631507	-0.340048
0.632503	-0.339536
0.6335	-0.33902
0.634496	-0.338496
0.635492	-0.337965
0.636488	-0.337424
0.637484	-0.336873
0.63848	-0.336308
0.639476	-0.335726
0.640472	-0.335125
0.641468	-0.334502
0.642464	-0.333852
0.64346	-0.333172
0.644456	-0.332456
0.645452	-0.331699
0.646448	-0.330898
0.647444	-0.330047
0.64844	-0.329145
0.649435	-0.32819
0.650431	-0.327181
0.651427	-0.32612
0.652423	-0.325007
0.653419	-0.323843
0.654415	-0.322627
0.655411	-0.321358
0.656407	-0.320033
0.657402	-0.31865
0.658398	-0.317208
0.659394	-0.31571
0.66039	-0.314158
0.661386	-0.312556
0.662381	-0.310913
0.663377	-0.309234
0.664373	-0.307533
0.665368	-0.305818
0.666364	-0.304097
0.66736	-0.302377
0.668356	-0.300668
0.669351	-0.298975
0.670347	-0.297306
0.671343	-0.295667
0.672338	-0.294066
0.673334	-0.292502
0.67433	-0.29098
0.675325	-0.289506
0.676321	-0.28808
0.677316	-0.286707
0.678312	-0.285386
0.679308	-0.284121
0.680303	-0.282915
0.681299	-0.281762
0.682294	-0.28066
0.68329	-0.279612
0.684285	-0.278616
0.685281	-0.277665
0.686276	-0.27676
0.687272	-0.275898
0.688267	-0.275075
0.689263	-0.274292
0.690258	-0.27354
0.691254	-0.27282
0.692249	-0.27213
0.693244	-0.271466
0.69424	-0.270824
0.695235	-0.270201
0.696231	-0.269599
0.697226	-0.269012
0.698221	-0.268437
0.699217	-0.267876
0.700212	-0.267325
0.701207	-0.266779
0.702203	-0.266239
0.703198	-0.265703
0.704193	-0.26517
0.705188	-0.264642
0.706184	-0.264114
0.707179	-0.263587
0.708174	-0.263062
0.709169	-0.262537
0.710165	-0.262012
0.71116	-0.261488
0.712155	-0.260964
0.71315	-0.260441
0.714145	-0.259923
0.715141	-0.25941
0.716136	-0.258901
0.717131	-0.258393
0.718126	-0.257884
0.719121	-0.257381
0.720116	-0.256885
0.721111	-0.256398
0.722106	-0.255921
0.723102	-0.255451
0.724097	-0.254987
0.725092	-0.25453
0.726087	-0.254079
0.727082	-0.253634
0.728077	-0.253196
0.729072	-0.252764
0.730067	-0.252338
0.731062	-0.251919
0.732057	-0.251505
0.733053	-0.251099
0.734048	-0.2507
0.735043	-0.250308
0.735043	-0.250308
0.736038	-0.249923
0.737033	-0.249544
0.738028	-0.249167
0.739023	-0.248792
0.740018	-0.248425
0.741013	-0.248063
0.742008	-0.247705
0.743003	-0.247345
0.743998	-0.246988
0.744993	-0.246632
0.745988	-0.246276
0.746983	-0.245918
0.747978	-0.245558
0.748973	-0.245197
0.749968	-0.244837
0.750963	-0.244472
0.751958	-0.244099
0.752952	-0.24372
0.753947	-0.243337
0.754942	-0.242951
0.755937	-0.242557
0.756932	-0.242151
0.757927	-0.241736
0.758922	-0.241314
0.759916	-0.240881
0.760911	-0.240436
0.761906	-0.239976
0.762901	-0.239497
0.763895	-0.239003
0.76489	-0.238491
0.765885	-0.237954
0.766879	-0.237395
0.767874	-0.236818
0.768869	-0.236227
0.769863	-0.235626
0.770858	-0.235021
0.771852	-0.234417
0.772847	-0.233817
0.773842	-0.233221
0.774836	-0.232636
0.775831	-0.232065
0.776825	-0.231517
0.77782	-0.230998
0.778815	-0.230509
0.779809	-0.230062
0.780804	-0.229663
0.781798	-0.229317
0.782793	-0.229018
0.783788	-0.228763
0.784782	-0.228546
0.785777	-0.228356
0.786772	-0.228186
0.787766	-0.22803
0.788761	-0.227882
0.789756	-0.227732
0.79075	-0.227576
0.791745	-0.227408
0.79274	-0.227218
0.793734	-0.226998
0.794729	-0.226736
0.795723	-0.226424
0.796718	-0.226055
0.797712	-0.225623
0.798706	-0.225136
0.799701	-0.224603
0.800695	-0.224032
0.801689	-0.223434
0.802684	-0.222815
0.803678	-0.222182
0.804672	-0.221536
0.805667	-0.220889
0.806661	-0.220247
0.807655	-0.219617
0.808649	-0.219006
0.809644	-0.218424
0.810638	-0.217878
0.811632	-0.21738
0.812626	-0.216934
0.813621	-0.216537
0.814615	-0.216184
0.815609	-0.215868
0.816604	-0.21558
0.817598	-0.215316
0.818592	-0.215072
0.819587	-0.214843
0.820581	-0.214627
0.821575	-0.21442
0.82257	-0.214218
0.823564	-0.214011
0.824558	-0.2138
0.825553	-0.213579
0.826547	-0.21334
0.827541	-0.21308
0.828535	-0.212798
0.829529	-0.212495
0.830524	-0.212175
0.831518	-0.211839
0.832512	-0.21149
0.833506	-0.211128
0.8345	-0.210753
0.835494	-0.210367
0.836488	-0.209971
0.837482	-0.209565
0.838476	-0.209148
0.83947	-0.208724
0.840464	-0.208292
0.841458	-0.207852
0.842452	-0.207404
0.843446	-0.206951
0.84444	-0.206491
0.845434	-0.206026
0.846428	-0.205557
0.847422	-0.205085
0.848416	-0.204611
0.84941	-0.204138
0.850404	-0.203665
0.851398	-0.203192
0.852392	-0.202722
0.853385	-0.202253
0.854379	-0.201789
0.855373	-0.201329
0.856367	-0.200877
0.857361	-0.200433
0.858355	-0.199999
0.859348	-0.199572
0.860342	-0.199153
0.861336	-0.19874
0.86233	-0.198333
0.863324	-0.197932
0.864317	-0.197537
0.865311	-0.197146
0.866305	-0.196758
0.867299	-0.196372
0.868293	-0.195988
0.869286	-0.195605
0.87028	-0.195223
0.871274	-0.194844
0.872268	-0.194463
0.873261	-0.194083
0.874255	-0.193701
0.875249	-0.193319
0.876243	-0.192937
0.877236	-0.192557
0.87823	-0.192178
0.879224	-0.1918
0.880217	-0.191424
0.881211	-0.19105
0.882205	-0.19068
0.883198	-0.190313
0.884192	-0.189951
0.885186	-0.189593
0.886179	-0.189241
0.887173	-0.188896
0.888167	-0.18856
0.88916	-0.188231
0.890154	-0.18791
0.891147	-0.187595
0.892141	-0.187285
0.893135	-0.186979
0.894128	-0.186676
0.895122	-0.186375
0.896115	-0.186075
0.897109	-0.185776
0.898103	-0.185476
0.899096	-0.185175
0.90009	-0.184871
0.901083	-0.184563
0.902077	-0.18425
0.90307	-0.183933
0.904064	-0.18361
0.905057	-0.183281
0.906051	-0.182944
0.907044	-0.182599
0.908037	-0.182246
0.909031	-0.181886
0.910024	-0.181517
0.911018	-0.181139
0.912011	-0.180752
0.913004	-0.180354
0.913998	-0.179944
0.914991	-0.179522
0.915984	-0.179085
0.916977	-0.178634
0.917971	-0.178166
0.918964	-0.177679
0.919957	-0.177171
0.92095	-0.176646
0.921943	-0.176108
0.922937	-0.175559
0.92393	-0.175002
0.924923	-0.174441
0.925916	-0.173878
0.926909	-0.173316
0.927902	-0.172757
0.928895	-0.172206
0.929888	-0.171663
0.930882	-0.171132
0.931875	-0.170615
0.932868	-0.170117
0.933861	-0.169643
0.934854	-0.169194
0.935847	-0.168771
0.93684	-0.168371
0.937833	-0.167992
0.938827	-0.16763
0.93982	-0.167284
0.940813	-0.16695
0.941806	-0.166628
0.942799	-0.166316
0.943792	-0.166013
0.944785	-0.165718
0.945779	-0.16543
0.946772	-0.165146
0.947765	-0.164866
0.948758	-0.164589
0.949751	-0.164313
0.950744	-0.164038
0.951737	-0.163763
0.95273	-0.163486
0.953724	-0.163208
0.954717	-0.162927
0.95571	-0.162643
0.956703	-0.162354
0.957696	-0.16206
0.958689	-0.161758
0.959682	-0.161449
0.960675	-0.161132
0.961668	-0.160805
0.962661	-0.160466
0.963654	-0.160112
0.964647	-0.159741
0.96564	-0.159352
0.966632	-0.158947
0.967625	-0.158528
0.968618	-0.158095
0.969611	-0.157653
0.970604	-0.157203
0.971597	-0.156745
0.972589	-0.156283
0.973582	-0.155817
0.974575	-0.155348
0.975568	-0.154879
0.976561	-0.154409
0.977553	-0.153942
0.978546	-0.153479
0.979539	-0.153023
0.980532	-0.152575
0.981524	-0.152134
0.982517	-0.151701
0.98351	-0.151275
0.984502	-0.150854
0.985495	-0.150439
0.986488	-0.150029
0.98748	-0.149623
0.988473	-0.149221
0.989466	-0.148822
0.990459	-0.148425
0.991451	-0.148031
0.992444	-0.147639
0.993437	-0.147249
0.994429	-0.146861
0.995422	-0.146475
0.996414	-0.14609
0.997407	-0.145706
0.9984	-0.145322
0.999392	-0.144937
1.00038	-0.144551
1.00138	-0.144165
1.00237	-0.143777
1.00336	-0.143386
1.00436	-0.142993
1.00535	-0.142595
1.00634	-0.142194
1.00733	-0.141787
1.00833	-0.141373
1.00932	-0.140952
1.01031	-0.140522
1.0113	-0.140082
1.0123	-0.139631
1.01329	-0.139171
1.01428	-0.138707
1.01527	-0.138239
1.01627	-0.137772
1.01726	-0.137307
1.01825	-0.136846
1.01924	-0.136389
1.02024	-0.13594
1.02123	-0.135501
1.02222	-0.135074
1.02321	-0.134664
1.0242	-0.134273
1.0252	-0.133903
1.02619	-0.13356
1.02718	-0.133247
1.02817	-0.132959
1.02917	-0.132693
1.03016	-0.132444
1.03115	-0.132208
1.03214	-0.13198
1.03314	-0.131758
1.03413	-0.131538
1.03512	-0.131318
1.03611	-0.131093
1.03711	-0.130861
1.0381	-0.130618
1.03909	-0.13036
1.04008	-0.130083
1.04108	-0.129781
1.04207	-0.129449
1.04306	-0.129087
1.04405	-0.128699
1.04505	-0.128291
1.04604	-0.127864
1.04703	-0.127424
1.04802	-0.126972
1.04901	-0.126513
1.05001	-0.126047
1.051	-0.125576
1.05199	-0.125105
1.05298	-0.124636
1.05398	-0.12417
1.05497	-0.123712
1.05596	-0.123265
1.05695	-0.122831
1.05794	-0.122413
1.05894	-0.12201
1.05993	-0.121618
1.06092	-0.121234
1.06191	-0.120857
1.06291	-0.120487
1.0639	-0.12012
1.06489	-0.119753
1.06588	-0.119386
1.06687	-0.119017
1.06787	-0.118644
1.06886	-0.118265
1.06985	-0.117878
1.07084	-0.117481
1.07183	-0.117072
1.07283	-0.116646
1.07382	-0.116205
1.07481	-0.115752
1.0758	-0.11529
1.07679	-0.114824
1.07779	-0.114353
1.07878	-0.113881
1.07977	-0.113411
1.08076	-0.112945
1.08175	-0.112487
1.08275	-0.112038
1.08374	-0.1116
1.08473	-0.111177
1.08572	-0.110771
1.08671	-0.110388
1.08771	-0.11003
1.0887	-0.109701
1.08969	-0.109398
1.09068	-0.109115
1.09167	-0.108849
1.09267	-0.108595
1.09366	-0.10835
1.09465	-0.108109
1.09564	-0.107872
1.09663	-0.107634
1.09763	-0.107391
1.09862	-0.107142
1.09961	-0.106884
1.1006	-0.106613
1.10159	-0.106322
1.10259	-0.106008
1.10358	-0.105668
1.10457	-0.105301
1.10556	-0.10491
1.10655	-0.104499
1.10754	-0.104072
1.10854	-0.103631
1.10953	-0.103178
1.11052	-0.102715
1.11151	-0.102243
1.1125	-0.101764
1.11349	-0.101281
1.11449	-0.100795
1.11548	-0.100307
1.11647	-0.0998182
1.11746	-0.0993315
1.11845	-0.0988487
1.11944	-0.0983706
1.12044	-0.0978975
1.12143	-0.0974296
1.12242	-0.0969672
1.12341	-0.0965096
1.1244	-0.0960552
1.12539	-0.0956053
1.12639	-0.0951608
1.12738	-0.0947221
1.12837	-0.09429
1.12936	-0.0938646
1.13035	-0.0934454
1.13134	-0.0930335
1.13234	-0.0926304
1.13333	-0.0922366
1.13432	-0.0918527
1.13531	-0.0914778
1.1363	-0.0911118
1.13729	-0.0907546
1.13829	-0.0904044
1.13928	-0.0900594
1.14027	-0.0897198
1.14126	-0.0893859
1.14225	-0.089057
1.14324	-0.088732
1.14424	-0.0884106
1.14523	-0.0880928
1.14622	-0.0877793
1.14721	-0.0874694
1.1482	-0.0871613
1.14919	-0.0868559
1.15018	-0.086554
1.15118	-0.0862535
1.15217	-0.0859519
1.15316	-0.085649
1.15415	-0.0853444
1.15514	-0.0850358
1.15613	-0.0847209
1.15713	-0.0843988
1.15812	-0.0840678
1.15911	-0.0837265
1.1601	-0.0833739
1.16109	-0.0830078
1.16208	-0.0826251
1.16307	-0.0822231
1.16407	-0.0817982
1.16506	-0.0813487
1.16605	-0.0808762
1.16704	-0.0803854
1.16803	-0.0798796
1.16902	-0.0793605
1.17001	-0.0788324
1.171	-0.0782987
1.172	-0.0777617
1.17299	-0.0772244
1.17398	-0.0766893
1.17497	-0.0761587
1.17596	-0.0756352
1.17695	-0.075122
1.17794	-0.0746231
1.17893	-0.0741428
1.17993	-0.0736846
1.18092	-0.07325
1.18191	-0.0728372
1.1829	-0.0724424
1.18389	-0.0720615
1.18488	-0.0716926
1.18587	-0.0713342
1.18686	-0.0709844
1.18786	-0.0706415
1.18885	-0.0703033
1.18984	-0.0699669
1.19083	-0.0696314
1.19182	-0.0692958
1.19281	-0.0689582
1.1938	-0.0686171
1.19479	-0.0682698
1.19578	-0.0679136
1.19678	-0.0675489
1.19777	-0.0671766
1.19876	-0.0667979
1.19975	-0.0664128
1.20074	-0.0660221
1.20173	-0.0656258
1.20272	-0.0652243
1.20371	-0.0648179
1.2047	-0.0644062
1.2057	-0.063989
1.20669	-0.0635665
1.20768	-0.0631382
1.20867	-0.0627038
1.20966	-0.0622625
1.21065	-0.0618141
1.21164	-0.0613589
1.21263	-0.0608979
1.21362	-0.060433
1.21462	-0.059966
1.21561	-0.0594989
1.2166	-0.0590328
1.21759	-0.0585693
1.21858	-0.0581101
1.21957	-0.0576557
1.22056	-0.0572073
1.22155	-0.0567674
1.22254	-0.0563388
1.22353	-0.0559231
1.22452	-0.0555232
1.22552	-0.055142
1.22651	-0.0547812
1.2275	-0.0544395
1.22849	-0.0541136
1.22948	-0.0538005
1.23047	-0.0534965
1.23146	-0.0531989
1.23245	-0.0529056
1.23344	-0.0526138
1.23443	-0.052321
1.23543	-0.0520248
1.23642	-0.0517232
1.23741	-0.0514139
1.2384	-0.0510938
1.23939	-0.0507602
1.24038	-0.0504089
1.24137	-0.0500365
1.24236	-0.0496425
1.24335	-0.0492294
1.24434	-0.0487997
1.24533	-0.0483552
1.24633	-0.0478981
1.24732	-0.0474293
1.24831	-0.0469507
1.2493	-0.0464636
1.25029	-0.0459685
1.25128	-0.0454679
1.25227	-0.0449629
1.25326	-0.0444526
1.25425	-0.0439399
1.25524	-0.0434249
1.25623	-0.0429062
1.25623	-0.0429062
1.25722	-0.0423761
1.25821	-0.0418517
1.2592	-0.0413389
1.26019	-0.0408246
1.26118	-0.040314
1.26218	-0.0398061
1.26317	-0.0393024
1.26416	-0.0388042
1.26515	-0.0383128
1.26614	-0.0378298
1.26713	-0.0373567
1.26812	-0.036894
1.26911	-0.0364439
1.2701	-0.036009
1.27109	-0.0355923
1.27208	-0.0351959
1.27307	-0.0348194
1.27406	-0.0344596
1.27505	-0.0341128
1.27604	-0.0337753
1.27703	-0.0334435
1.27802	-0.0331147
1.27902	-0.0327864
1.28001	-0.0324555
1.281	-0.0321193
1.28199	-0.0317749
1.28298	-0.0314191
1.28397	-0.0310488
1.28496	-0.0306602
1.28595	-0.0302482
1.28694	-0.029808
1.28793	-0.0293374
1.28892	-0.0288391
1.28991	-0.0283181
1.2909	-0.027779
1.29189	-0.0272259
1.29288	-0.0266626
1.29387	-0.0260927
1.29486	-0.0255196
1.29585	-0.0249464
1.29684	-0.0243764
1.29783	-0.0238126
1.29882	-0.0232586
1.29981	-0.0227187
1.3008	-0.0221974
1.30179	-0.0216999
1.30278	-0.0212307
1.30377	-0.0207897
1.30476	-0.0203725
1.30575	-0.0199742
1.30675	-0.019591
1.30774	-0.0192192
1.30873	-0.0188554
1.30972	-0.0184966
1.31071	-0.0181399
1.3117	-0.0177825
1.31269	-0.0174215
1.31368	-0.0170538
1.31467	-0.0166766
1.31566	-0.0162862
1.31665	-0.0158786
1.31764	-0.0154497
1.31863	-0.0149975
1.31962	-0.0145234
1.32061	-0.0140304
1.3216	-0.013521
1.32259	-0.0129974
1.32358	-0.0124614
1.32457	-0.0119148
1.32556	-0.011359
1.32655	-0.0107952
1.32754	-0.0102246
1.32853	-0.0096484
1.32952	-0.00906782
1.33051	-0.00848386
1.3315	-0.00789738
1.33249	-0.00730956
1.33348	-0.00672153
1.33447	-0.00613412
1.33546	-0.00554805
1.33645	-0.00496398
1.33744	-0.0043826
1.33843	-0.00380451
1.33942	-0.00323043
1.34041	-0.00266142
1.3414	-0.00209841
1.34239	-0.00154232
1.34338	-0.000994474
1.34437	-0.00045592
1.34536	7.20515e-05
1.34635	0.00058756
1.34734	0.00108768
1.34833	0.0015697
1.34932	0.00203385
1.3503	0.00248279
1.35129	0.00291943
1.35228	0.00334726
1.35327	0.00376904
1.35426	0.00418664
1.35525	0.00460221
1.35624	0.00501819
1.35723	0.00543748
1.35822	0.00586195
1.35921	0.00629332
1.3602	0.00673433
1.36119	0.00718819
1.36218	0.00765854
1.36317	0.00814882
1.36416	0.00866046
1.36515	0.00919263
1.36614	0.00974309
1.36713	0.0103093
1.36812	0.0108882
1.36911	0.0114778
1.3701	0.0120771
1.37109	0.0126839
1.37208	0.0132971
1.37307	0.0139148
1.37406	0.014535
1.37505	0.0151564
1.37604	0.0157773
1.37703	0.0163963
1.37801	0.0170117
1.379	0.0176212
1.37999	0.0182244
1.38098	0.0188225
1.38197	0.0194164
1.38296	0.0200076
1.38395	0.0205973
1.38494	0.0211863
1.38593	0.0217753
1.38692	0.0223646
1.38791	0.0229547
1.3889	0.0235466
1.38989	0.0241409
1.39088	0.0247385
1.39186	0.0253397
1.39285	0.0259447
1.39384	0.0265544
1.39483	0.0271695
1.39582	0.0277902
1.39681	0.0284154
1.3978	0.0290441
1.39879	0.0296757
1.39978	0.03031
1.40077	0.0309465
1.40176	0.0315849
1.40274	0.0322245
1.40373	0.0328648
1.40472	0.0335049
1.40571	0.0341445
1.4067	0.0347829
1.40769	0.0354186
1.40868	0.0360507
1.40967	0.0366785
1.41066	0.0373032
1.41164	0.0379271
1.41263	0.038551
1.41362	0.0391763
1.41461	0.0398043
1.4156	0.0404362
1.41659	0.0410738
1.41758	0.0417189
1.41857	0.0423717
1.41955	0.0430329
1.42054	0.0437041
1.42153	0.0443871
1.42252	0.0450833
1.42351	0.0457943
1.4245	0.0465206
1.42549	0.0472617
1.42647	0.0480177
1.42746	0.0487879
1.42845	0.0495714
1.42944	0.0503679
1.43043	0.0511777
1.43141	0.0520007
1.4324	0.0528367
1.43339	0.0536855
1.43438	0.0545468
1.43537	0.0554209
1.43635	0.0563077
1.43734	0.0572074
1.43833	0.0581202
1.43932	0.0590463
1.4403	0.0599853
1.44129	0.0609354
1.44228	0.061896
1.44327	0.0628669
1.44426	0.0638471
1.44524	0.0648352
1.44623	0.0658305
1.44722	0.0668321
1.4482	0.0678394
1.44919	0.0688512
1.45018	0.069866
1.45117	0.0708816
1.45215	0.0718951
1.45314	0.0729058
1.45413	0.0739154
1.45511	0.0749271
1.4561	0.0759446
1.45709	0.0769709
1.45807	0.0780088
1.45906	0.0790608
1.46005	0.0801302
1.46103	0.0812183
1.46202	0.0823285
1.46301	0.0834658
1.46399	0.084629
1.46498	0.0858264
1.46597	0.0870597
1.46695	0.0883321
1.46794	0.089639
1.46892	0.0909733
1.46991	0.0923226
1.4709	0.0936802
1.47188	0.0950355
1.47287	0.0963878
1.47385	0.0977277
1.47484	0.0990482
1.47582	0.100332
1.47681	0.101561
1.47779	0.102723
1.47878	0.103784
1.47976	0.104765
1.48075	0.105628
1.48174	0.106339
1.48272	0.106871
1.48371	0.107196
1.48469	0.107247
1.48568	0.106915
1.48666	0.106069
1.48765	0.104522
1.48863	0.101765
1.48962	0.0967963
1.4906	0.0861849
1.49159	0.0746222
)
