(title "Pressure Coefficient")
(labels "Position" "Pressure Coefficient")

((xy/key/label "lower")
0.00972078	-5.11675
0.00980333	-3.88808
0.0102105	-2.29659
0.0107662	-1.08003
0.0113958	-0.40288
0.0120732	0.0143622
0.0127825	0.280805
0.013518	0.468154
0.0142754	0.602027
0.0150503	0.699487
0.0158391	0.771785
0.0166398	0.826274
0.0174506	0.86786
0.0182704	0.899893
0.0190986	0.924747
0.0199348	0.944107
0.0207788	0.959186
0.0216303	0.970875
0.0224888	0.979869
0.0233537	0.986667
0.0242242	0.991699
0.0250998	0.995121
0.0259798	0.997158
0.0268638	0.998054
0.0277514	0.99765
0.0286423	0.996042
0.0295363	0.993047
0.0304329	0.988557
0.031332	0.982798
0.0322332	0.9759
0.0331365	0.968139
0.0340417	0.959741
0.0349489	0.95093
0.0358581	0.941882
0.0367693	0.932737
0.0376824	0.923597
0.0385975	0.914542
0.0395146	0.905633
0.0404335	0.896903
0.0413542	0.888363
0.0422765	0.880013
0.0432004	0.871848
0.0441256	0.863855
0.0450522	0.856014
0.04598	0.848304
0.0469089	0.840702
0.0478389	0.833194
0.0487699	0.825778
0.049702	0.81846
0.0506352	0.811246
0.0515695	0.804139
0.0525048	0.797148
0.0534412	0.790282
0.0543787	0.78355
0.0553172	0.776961
0.0562568	0.770512
0.0571973	0.764193
0.0581387	0.757992
0.059081	0.751897
0.0600241	0.745901
0.060968	0.739994
0.0619127	0.734164
0.0628581	0.728399
0.0638041	0.722691
0.0647509	0.717045
0.0647509	0.717045
0.0656983	0.711462
0.0666464	0.705942
0.0675951	0.700487
0.0685445	0.695096
0.0694946	0.689772
0.0704452	0.684512
0.0713965	0.679318
0.0723484	0.674189
0.073301	0.669128
0.0742541	0.66414
0.0752079	0.659228
0.0761623	0.654398
0.0771173	0.649656
0.0780729	0.645008
0.0790291	0.640463
0.0799859	0.636021
0.0809432	0.631676
0.0819011	0.627412
0.0828594	0.623218
0.0838182	0.619079
0.0847774	0.614979
0.085737	0.610903
0.0866969	0.606829
0.0876571	0.602742
0.0886177	0.598635
0.0895786	0.594519
0.0905399	0.590407
0.0915015	0.586315
0.0924636	0.582256
0.093426	0.578245
0.0943889	0.574301
0.0953523	0.570441
0.0963161	0.566679
0.0972804	0.563013
0.098245	0.559436
0.0992101	0.555934
0.100176	0.552493
0.101141	0.5491
0.102107	0.545742
0.103074	0.542402
0.10404	0.539064
0.105007	0.535718
0.105975	0.532364
0.106942	0.529011
0.10791	0.52567
0.108878	0.52235
0.109846	0.519064
0.110815	0.515821
0.111784	0.512634
0.112754	0.509515
0.113724	0.506471
0.114694	0.503502
0.115664	0.500601
0.116635	0.497761
0.117606	0.494976
0.118577	0.492239
0.119549	0.489545
0.120521	0.486887
0.121493	0.48426
0.122465	0.481657
0.123438	0.479075
0.124411	0.47651
0.125384	0.473958
0.126357	0.471413
0.127331	0.468871
0.128304	0.466325
0.129278	0.463767
0.130252	0.461188
0.131226	0.45859
0.132201	0.455981
0.133175	0.453374
0.13415	0.450784
0.135125	0.448227
0.1361	0.44572
0.137076	0.443281
0.138052	0.440931
0.139028	0.438687
0.140005	0.436552
0.140981	0.434515
0.141958	0.432556
0.142936	0.430654
0.143913	0.428788
0.144891	0.426936
0.145868	0.425074
0.146846	0.423177
0.147824	0.421225
0.148802	0.419209
0.14978	0.417137
0.150758	0.415024
0.151736	0.412887
0.152715	0.410744
0.153693	0.408612
0.154672	0.406511
0.155651	0.404462
0.15663	0.402482
0.15761	0.400575
0.158589	0.398737
0.159569	0.396955
0.160549	0.395219
0.161529	0.393514
0.16251	0.391829
0.16349	0.390149
0.164471	0.38846
0.165451	0.38675
0.166432	0.385016
0.167413	0.38326
0.168394	0.38149
0.169375	0.379715
0.170356	0.377942
0.171337	0.376182
0.172319	0.374443
0.1733	0.372735
0.174282	0.371067
0.175264	0.369441
0.176246	0.367855
0.177228	0.366305
0.178211	0.364784
0.179193	0.363287
0.180176	0.361809
0.181159	0.360345
0.182142	0.358886
0.183125	0.357429
0.184108	0.355971
0.185091	0.354512
0.186074	0.353052
0.187057	0.351595
0.188041	0.350142
0.189024	0.348693
0.190008	0.347252
0.190992	0.345819
0.191976	0.344396
0.19296	0.342986
0.193944	0.34159
0.194928	0.340212
0.195913	0.338856
0.196897	0.337523
0.197882	0.33622
0.198867	0.334949
0.199852	0.333716
0.200837	0.332524
0.201822	0.331371
0.202807	0.330248
0.203792	0.329147
0.204778	0.328057
0.205763	0.326966
0.206749	0.325861
0.207734	0.32473
0.20872	0.323557
0.209705	0.322331
0.210691	0.32105
0.211677	0.319723
0.212663	0.318364
0.213648	0.31699
0.214634	0.315617
0.21562	0.314264
0.216607	0.312951
0.217593	0.311699
0.218579	0.310525
0.219566	0.309434
0.220553	0.308421
0.22154	0.307473
0.222527	0.306578
0.223514	0.305723
0.224501	0.304892
0.225489	0.304073
0.226476	0.30325
0.227463	0.30241
0.228451	0.301544
0.229438	0.300651
0.230426	0.299731
0.231413	0.298786
0.232401	0.297815
0.233388	0.296822
0.234376	0.295806
0.235364	0.294769
0.236352	0.293712
0.237339	0.292638
0.238327	0.291554
0.239315	0.290468
0.240303	0.289385
0.241291	0.288316
0.242279	0.287268
0.243268	0.286252
0.244256	0.285277
0.245245	0.284352
0.246233	0.283479
0.247222	0.282655
0.248211	0.281874
0.2492	0.281128
0.250189	0.280409
0.251178	0.279707
0.252167	0.279015
0.253156	0.278322
0.254145	0.277621
0.255134	0.276906
0.256124	0.276178
0.257113	0.275439
0.258102	0.274693
0.259092	0.273944
0.260081	0.273197
0.261071	0.272456
0.26206	0.271726
0.26305	0.271013
0.26404	0.270318
0.265029	0.269638
0.266019	0.26897
0.267009	0.268308
0.267999	0.267647
0.268989	0.26698
0.269979	0.266299
0.270969	0.265599
0.271959	0.264871
0.272949	0.264112
0.273939	0.263327
0.274929	0.262521
0.275919	0.261703
0.276909	0.260881
0.277899	0.260065
0.27889	0.259266
0.27988	0.258496
0.28087	0.257764
0.281861	0.257077
0.282852	0.256434
0.283842	0.25583
0.284833	0.255258
0.285824	0.254712
0.286815	0.254184
0.287806	0.253666
0.288796	0.25315
0.289787	0.252626
0.290778	0.25209
0.291769	0.251539
0.29276	0.250972
0.293751	0.250389
0.294742	0.249793
0.295734	0.249183
0.296725	0.248562
0.297716	0.24793
0.298707	0.247289
0.299698	0.246639
0.300689	0.245984
0.301681	0.245325
0.302672	0.244664
0.303663	0.244004
0.304655	0.243347
0.305646	0.242696
0.306638	0.242052
0.307629	0.241419
0.308621	0.240799
0.309612	0.240193
0.310604	0.239601
0.311596	0.239025
0.312588	0.238463
0.313579	0.237916
0.314571	0.237384
0.315563	0.236867
0.316555	0.236367
0.317547	0.235882
0.318539	0.235412
0.319531	0.234957
0.320524	0.234516
0.321516	0.234088
0.322508	0.233671
0.3235	0.233267
0.324493	0.232873
0.325485	0.232489
0.326477	0.232114
0.32747	0.231745
0.328462	0.231379
0.329455	0.231013
0.330447	0.230642
0.33144	0.230261
0.332432	0.229866
0.333424	0.229451
0.334417	0.229011
0.335409	0.228541
0.336402	0.228042
0.337394	0.227519
0.338387	0.226979
0.339379	0.226432
0.340372	0.225888
0.341365	0.225356
0.342357	0.22485
0.34335	0.22438
0.344343	0.223956
0.345336	0.22358
0.346329	0.223246
0.347322	0.222944
0.348315	0.222661
0.349308	0.222384
0.350301	0.222099
0.351294	0.221791
0.352287	0.221443
0.35328	0.22104
0.354273	0.220578
0.355266	0.220061
0.356259	0.2195
0.357251	0.218909
0.358244	0.218303
0.359237	0.217701
0.36023	0.217123
0.361224	0.216588
0.362217	0.216116
0.36321	0.215717
0.364204	0.215386
0.365197	0.215114
0.366191	0.214888
0.367184	0.214693
0.368178	0.214515
0.369171	0.214337
0.370165	0.214141
0.371158	0.213911
0.372152	0.213638
0.373145	0.213319
0.374139	0.212959
0.375132	0.212566
0.376126	0.212146
0.377119	0.21171
0.378113	0.211268
0.379106	0.210832
0.3801	0.210414
0.381093	0.210021
0.382087	0.209654
0.383081	0.20931
0.384074	0.208985
0.385068	0.208671
0.386062	0.208362
0.387056	0.208051
0.388049	0.207728
0.389043	0.207386
0.390037	0.207019
0.391031	0.206629
0.392024	0.20622
0.393018	0.205801
0.394012	0.20538
0.395006	0.204967
0.396	0.204573
0.396994	0.204211
0.397988	0.203891
0.398982	0.203622
0.399976	0.203403
0.40097	0.203227
0.401965	0.203084
0.402959	0.202963
0.403953	0.202852
0.404947	0.202736
0.405941	0.202602
0.406936	0.202436
0.40793	0.202224
0.408924	0.201963
0.409918	0.201654
0.410912	0.201303
0.411906	0.200916
0.4129	0.200502
0.413894	0.20007
0.414888	0.19963
0.415882	0.199194
0.416877	0.198771
0.417871	0.198367
0.418865	0.197985
0.419859	0.197625
0.420854	0.197286
0.421848	0.196968
0.422842	0.196668
0.423837	0.196384
0.424831	0.196116
0.425826	0.19586
0.42682	0.195614
0.427815	0.195378
0.427815	0.195378
0.428809	0.195153
0.429804	0.194938
0.430798	0.194732
0.431793	0.194535
0.432787	0.194345
0.433782	0.194163
0.434777	0.193989
0.435771	0.19382
0.436766	0.193655
0.43776	0.193491
0.438755	0.193325
0.43975	0.193152
0.440744	0.192971
0.441739	0.192775
0.442734	0.192562
0.443728	0.192326
0.444723	0.192066
0.445718	0.191786
0.446712	0.191488
0.447707	0.19118
0.448701	0.190868
0.449696	0.19056
0.450691	0.190264
0.451685	0.189989
0.45268	0.189744
0.453675	0.189534
0.45467	0.189356
0.455665	0.189206
0.45666	0.189076
0.457655	0.188956
0.45865	0.188837
0.459644	0.188709
0.460639	0.188559
0.461634	0.188377
0.462629	0.188154
0.463624	0.18789
0.464618	0.187587
0.465613	0.187254
0.466608	0.186898
0.467603	0.186529
0.468597	0.186159
0.469592	0.1858
0.470587	0.185464
0.471582	0.185161
0.472577	0.184895
0.473572	0.184662
0.474567	0.184458
0.475562	0.184274
0.476557	0.184096
0.477552	0.183914
0.478547	0.18372
0.479542	0.183505
0.480537	0.183259
0.481532	0.182981
0.482527	0.182674
0.483521	0.182347
0.484516	0.18201
0.485511	0.181673
0.486506	0.18135
0.487501	0.181054
0.488497	0.180799
0.489492	0.180597
0.490487	0.180451
0.491482	0.180357
0.492478	0.180304
0.493473	0.180279
0.494468	0.180271
0.495464	0.180265
0.496459	0.180244
0.497454	0.180193
0.498449	0.180098
0.499445	0.179949
0.50044	0.179748
0.501435	0.179498
0.50243	0.179209
0.503425	0.178891
0.50442	0.178554
0.505415	0.178211
0.50641	0.177878
0.507405	0.177568
0.5084	0.177289
0.509396	0.177045
0.510391	0.176832
0.511386	0.176645
0.512381	0.17648
0.513377	0.17633
0.514372	0.176186
0.515368	0.176042
0.516363	0.17589
0.517358	0.175723
0.518353	0.17554
0.519349	0.175341
0.520344	0.175128
0.521339	0.174903
0.522335	0.174669
0.52333	0.17443
0.524325	0.17419
0.52532	0.173952
0.526316	0.173719
0.527311	0.173494
0.528306	0.173278
0.529302	0.173073
0.530297	0.172878
0.531293	0.172696
0.532288	0.172525
0.533284	0.172368
0.534279	0.172224
0.535275	0.172094
0.53627	0.171976
0.537266	0.171867
0.538261	0.171763
0.539257	0.171661
0.540252	0.171557
0.541248	0.171445
0.542243	0.171322
0.543239	0.171182
0.544234	0.17102
0.545229	0.170835
0.546225	0.170629
0.54722	0.170402
0.548216	0.17016
0.549211	0.169904
0.550206	0.169639
0.551202	0.16937
0.552197	0.169102
0.553193	0.168838
0.554188	0.168583
0.555183	0.168338
0.556179	0.168104
0.557174	0.167879
0.55817	0.167666
0.559166	0.167462
0.560161	0.167268
0.561157	0.167084
0.562152	0.166907
0.563148	0.166739
0.564143	0.166577
0.565139	0.166421
0.566135	0.166269
0.56713	0.166121
0.568126	0.165975
0.569121	0.165829
0.570117	0.165683
0.571113	0.165535
0.572108	0.165383
0.573104	0.165228
0.574099	0.165068
0.575095	0.164903
0.576091	0.164732
0.577086	0.164556
0.578082	0.164373
0.579077	0.164183
0.580073	0.163985
0.581069	0.16378
0.582064	0.163569
0.58306	0.163353
0.584055	0.163133
0.585051	0.162913
0.586047	0.162694
0.587042	0.162479
0.588038	0.162271
0.589033	0.162072
0.590029	0.161885
0.591025	0.161708
0.59202	0.161542
0.593016	0.161384
0.594012	0.161231
0.595008	0.161082
0.596003	0.160931
0.596999	0.160778
0.597995	0.160617
0.59899	0.160447
0.599986	0.160266
0.600982	0.160077
0.601977	0.159882
0.602973	0.159683
0.603969	0.159486
0.604964	0.159292
0.60596	0.159108
0.606956	0.158938
0.607952	0.158784
0.608948	0.158649
0.609943	0.158531
0.610939	0.158425
0.611935	0.158327
0.612931	0.158232
0.613927	0.158135
0.614922	0.158029
0.615918	0.157907
0.616914	0.157765
0.61791	0.157599
0.618905	0.157409
0.619901	0.157199
0.620897	0.156972
0.621892	0.156733
0.622888	0.156487
0.623884	0.15624
0.624879	0.155999
0.625875	0.155769
0.626871	0.155556
0.627867	0.155359
0.628863	0.155178
0.629858	0.155008
0.630854	0.154848
0.63185	0.154694
0.632846	0.154541
0.633842	0.154385
0.634837	0.154222
0.635833	0.154048
0.636829	0.153864
0.637825	0.153671
0.638821	0.153472
0.639816	0.15327
0.640812	0.153069
0.641808	0.152873
0.642804	0.152686
0.6438	0.152513
0.644796	0.152357
0.645791	0.152218
0.646787	0.152094
0.647783	0.15198
0.648779	0.151873
0.649775	0.151768
0.650771	0.15166
0.651767	0.151542
0.652763	0.151409
0.653759	0.151257
0.654754	0.151083
0.65575	0.150889
0.656746	0.150678
0.657742	0.150454
0.658737	0.150221
0.659733	0.149983
0.660729	0.149747
0.661725	0.149518
0.662721	0.149301
0.663717	0.149098
0.664712	0.14891
0.665708	0.148734
0.666704	0.148568
0.6677	0.148409
0.668696	0.148253
0.669692	0.148098
0.670688	0.147939
0.671684	0.147772
0.67268	0.147596
0.673676	0.147411
0.674671	0.147219
0.675667	0.147024
0.676663	0.146828
0.677659	0.146635
0.678655	0.146449
0.679651	0.146275
0.680647	0.146116
0.681643	0.145973
0.682639	0.145847
0.683635	0.145734
0.684631	0.14563
0.685627	0.14553
0.686623	0.14543
0.687619	0.145324
0.688615	0.145208
0.689611	0.145074
0.690607	0.144919
0.691603	0.144744
0.692599	0.14455
0.693594	0.14434
0.69459	0.144118
0.695586	0.143889
0.696582	0.143657
0.697578	0.143429
0.698574	0.14321
0.69957	0.143004
0.700566	0.142814
0.701562	0.142638
0.702558	0.142476
0.703554	0.142324
0.70455	0.142181
0.705546	0.142043
0.706542	0.141908
0.707538	0.141773
0.708534	0.141634
0.70953	0.14149
0.710526	0.141341
0.711522	0.141186
0.712518	0.141027
0.713514	0.140864
0.71451	0.140698
0.715506	0.140529
0.716502	0.14036
0.717498	0.140189
0.718494	0.140019
0.71949	0.139848
0.720486	0.139677
0.721482	0.139504
0.722478	0.139329
0.723474	0.139151
0.72447	0.138969
0.725466	0.138782
0.726462	0.138589
0.727458	0.13839
0.728454	0.138186
0.72945	0.137978
0.730446	0.137769
0.731442	0.13756
0.732438	0.137353
0.733434	0.137151
0.73443	0.136956
0.735426	0.136771
0.736422	0.136597
0.737418	0.136433
0.738414	0.136279
0.73941	0.136135
0.740406	0.135997
0.741402	0.135864
0.742398	0.135735
0.743394	0.135606
0.74439	0.135477
0.745387	0.135346
0.746383	0.135212
0.747379	0.135074
0.748375	0.134933
0.748375	0.134933
0.749371	0.134789
0.750367	0.134642
0.751363	0.134493
0.752359	0.134342
0.753355	0.13419
0.754351	0.134036
0.755347	0.133882
0.756344	0.133727
0.75734	0.133571
0.758336	0.133414
0.759332	0.133256
0.760328	0.133097
0.761324	0.132936
0.76232	0.132774
0.763316	0.13261
0.764312	0.132444
0.765308	0.132276
0.766304	0.132107
0.7673	0.131936
0.768297	0.131763
0.769293	0.13159
0.770289	0.131415
0.771285	0.13124
0.772281	0.131064
0.773277	0.130888
0.774273	0.13071
0.775269	0.13053
0.776265	0.130349
0.777261	0.130164
0.778257	0.129976
0.779254	0.129783
0.78025	0.129585
0.781246	0.129381
0.782242	0.129171
0.783238	0.128956
0.784234	0.128738
0.78523	0.128518
0.786226	0.128299
0.787222	0.128083
0.788218	0.127872
0.789214	0.127669
0.790211	0.127475
0.791207	0.127293
0.792203	0.127122
0.793199	0.126961
0.794195	0.126809
0.795191	0.126664
0.796188	0.126524
0.797184	0.126386
0.79818	0.126249
0.799176	0.126111
0.800172	0.12597
0.801169	0.125824
0.802165	0.125673
0.803161	0.125518
0.804157	0.125357
0.805153	0.12519
0.806149	0.125018
0.807146	0.12484
0.808142	0.124657
0.809138	0.124469
0.810134	0.124276
0.81113	0.124081
0.812126	0.123886
0.813123	0.123694
0.814119	0.123506
0.815115	0.123325
0.816111	0.123155
0.817108	0.122997
0.818104	0.122855
0.8191	0.122727
0.820096	0.12261
0.821093	0.122503
0.822089	0.1224
0.823085	0.122297
0.824082	0.122191
0.825078	0.122075
0.826074	0.121946
0.82707	0.121798
0.828066	0.12163
0.829063	0.121443
0.830059	0.121241
0.831055	0.121025
0.832051	0.1208
0.833047	0.120571
0.834043	0.120342
0.83504	0.120119
0.836036	0.119906
0.837032	0.119705
0.838028	0.119518
0.839025	0.119344
0.840021	0.11918
0.841017	0.119025
0.842014	0.118876
0.84301	0.118732
0.844006	0.118588
0.845002	0.118444
0.845999	0.118297
0.846995	0.118144
0.847991	0.117987
0.848988	0.117824
0.849984	0.117656
0.85098	0.11748
0.851976	0.117298
0.852973	0.117109
0.853969	0.116912
0.854965	0.116709
0.855961	0.116501
0.856958	0.116289
0.857954	0.116076
0.85895	0.115864
0.859946	0.115656
0.860943	0.115455
0.861939	0.115265
0.862935	0.115088
0.863932	0.114925
0.864928	0.114776
0.865925	0.114638
0.866921	0.114506
0.867917	0.114377
0.868914	0.114246
0.86991	0.114107
0.870906	0.113955
0.871903	0.113783
0.872899	0.113589
0.873895	0.113371
0.874892	0.113133
0.875888	0.112879
0.876884	0.112615
0.87788	0.112347
0.878877	0.112081
0.879873	0.111827
0.880869	0.111591
0.881866	0.111381
0.882862	0.111198
0.883859	0.11104
0.884855	0.110904
0.885852	0.110783
0.886848	0.110672
0.887844	0.110565
0.888841	0.110454
0.889837	0.110334
0.890834	0.110196
0.89183	0.110038
0.892827	0.10986
0.893823	0.109665
0.894819	0.109453
0.895816	0.10923
0.896812	0.108999
0.897808	0.108765
0.898805	0.108533
0.899801	0.108307
0.900798	0.10809
0.901794	0.107882
0.902791	0.107683
0.903787	0.10749
0.904783	0.107302
0.90578	0.107116
0.906776	0.106929
0.907773	0.106739
0.908769	0.106541
0.909766	0.106336
0.910762	0.106123
0.911759	0.105902
0.912755	0.105676
0.913752	0.105446
0.914748	0.105214
0.915745	0.104984
0.916741	0.104757
0.917738	0.104536
0.918734	0.104324
0.919731	0.104118
0.920727	0.103919
0.921724	0.103723
0.92272	0.103529
0.923717	0.103333
0.924713	0.103132
0.92571	0.102923
0.926707	0.102702
0.927703	0.102468
0.9287	0.102221
0.929696	0.101962
0.930693	0.101695
0.931689	0.101422
0.932686	0.101149
0.933682	0.100879
0.934679	0.100618
0.935676	0.100369
0.936672	0.100137
0.937669	0.0999234
0.938666	0.0997253
0.939662	0.0995404
0.940659	0.0993653
0.941656	0.0991961
0.942653	0.0990287
0.94365	0.0988583
0.944646	0.0986801
0.945643	0.0984901
0.94664	0.0982862
0.947636	0.0980682
0.948633	0.0978369
0.94963	0.0975936
0.950627	0.09734
0.951623	0.0970781
0.95262	0.0968102
0.953617	0.0965387
0.954614	0.0962657
0.955611	0.0959926
0.956607	0.0957193
0.957604	0.0954454
0.958601	0.09517
0.959598	0.0948922
0.960595	0.0946107
0.961592	0.0943241
0.962588	0.0940308
0.963585	0.0937294
0.964582	0.0934186
0.965579	0.0930977
0.966576	0.0927662
0.967573	0.0924234
0.96857	0.0920688
0.969567	0.0917018
0.970564	0.0913219
0.971561	0.0909282
0.972558	0.0905202
0.973555	0.0900981
0.974552	0.0896629
0.975549	0.0892162
0.976546	0.0887595
0.977543	0.088295
0.97854	0.0878247
0.979537	0.0873509
0.980535	0.0868759
0.981532	0.0864009
0.982529	0.0859243
0.983526	0.0854401
0.984524	0.0849394
0.985521	0.0844107
0.986519	0.0838416
0.987516	0.0832155
0.988513	0.082517
0.989511	0.081719
0.990508	0.0808085
0.991505	0.0797302
0.992503	0.0785091
0.9935	0.0769881
0.994497	0.0753589
0.995495	0.0730628
0.996492	0.0710837
0.997489	0.0660959
0.998486	0.0624754
0.999484	0.0327948
)
