(title "Pressure Coefficient")
(labels "Position" "Pressure Coefficient")

((xy/key/label "upper")
0.0039657	0.421286
0.00432222	0.380025
0.00470445	0.340693
0.0051121	0.303813
0.00554304	0.269306
0.00599129	0.234598
0.00645321	0.196923
0.00693282	0.158329
0.00743441	0.123762
0.00795533	0.0942107
0.00849038	0.065979
0.00903749	0.0363748
0.00959848	0.00714215
0.0101749	-0.0192046
0.0107652	-0.0423194
0.0113666	-0.0639489
0.0119768	-0.0862236
0.012596	-0.109639
0.0132244	-0.133133
0.0138625	-0.155736
0.0145096	-0.177222
0.0151655	-0.197696
0.0158295	-0.217391
0.0165012	-0.236498
0.0171804	-0.255082
0.0178666	-0.273181
0.0185595	-0.290862
0.0192589	-0.308211
0.0199645	-0.325344
0.0206759	-0.342381
0.0213929	-0.359359
0.0221157	-0.376198
0.022844	-0.392755
0.0235778	-0.408906
0.0243172	-0.424539
0.0250618	-0.439584
0.0258118	-0.453966
0.026567	-0.467558
0.0273273	-0.480295
0.0280924	-0.492231
0.0288621	-0.503542
0.0296359	-0.514446
0.0304138	-0.525168
0.0311953	-0.535896
0.0319804	-0.546719
0.0327689	-0.557643
0.0335608	-0.568665
0.0343559	-0.579806
0.0351542	-0.591101
0.0359557	-0.602537
0.0367603	-0.614038
0.0375681	-0.625484
0.0383792	-0.636733
0.0391935	-0.647649
0.0400111	-0.658101
0.040832	-0.668023
0.0416559	-0.677432
0.042483	-0.686397
0.0433129	-0.694987
0.0441457	-0.703266
0.0449812	-0.711299
0.0458194	-0.719138
0.0466601	-0.726814
0.0475034	-0.734333
0.0483491	-0.741693
0.0491972	-0.748894
0.0500477	-0.755937
0.0509004	-0.762823
0.0517554	-0.769558
0.0526126	-0.776152
0.0534719	-0.782617
0.0543333	-0.788962
0.0551966	-0.795203
0.056062	-0.80136
0.0569292	-0.807456
0.0577984	-0.813516
0.0586693	-0.819563
0.059542	-0.82561
0.0604164	-0.831651
0.0612926	-0.837674
0.0621704	-0.843667
0.06305	-0.849622
0.0639312	-0.855531
0.064814	-0.86139
0.0656985	-0.867196
0.0665846	-0.872947
0.0674723	-0.878631
0.0683615	-0.884236
0.0692523	-0.889745
0.0701447	-0.895142
0.0710386	-0.900411
0.0719341	-0.905535
0.072831	-0.910493
0.0737295	-0.915265
0.0746295	-0.919831
0.075531	-0.92419
0.0764338	-0.92836
0.0773381	-0.932358
0.0782438	-0.936208
0.0791507	-0.939934
0.080059	-0.943558
0.0809685	-0.947103
0.0818792	-0.950594
0.0827911	-0.954055
0.0837041	-0.957511
0.0846183	-0.96097
0.0855336	-0.964432
0.08645	-0.967887
0.0873675	-0.971328
0.0882861	-0.974746
0.0892057	-0.978133
0.0901264	-0.981483
0.0910481	-0.984788
0.0919709	-0.988042
0.0928947	-0.991239
0.0938195	-0.994374
0.0947453	-0.997449
0.0956721	-1.00047
0.0965998	-1.00343
0.0975285	-1.00633
0.0984581	-1.00919
0.0993887	-1.01201
0.10032	-1.01479
0.101252	-1.01754
0.102186	-1.02025
0.10312	-1.02295
0.104055	-1.02563
0.10499	-1.0283
0.105927	-1.03093
0.106864	-1.03353
0.107802	-1.03609
0.108741	-1.03859
0.109681	-1.04103
0.110622	-1.0434
0.111563	-1.04569
0.112506	-1.04789
0.113449	-1.04999
0.114393	-1.05198
0.115337	-1.05385
0.116283	-1.05562
0.117229	-1.0573
0.118175	-1.0589
0.119123	-1.06043
0.120071	-1.06191
0.12102	-1.06336
0.121969	-1.06478
0.12292	-1.0662
0.12387	-1.06762
0.124822	-1.06906
0.125774	-1.07054
0.126726	-1.07206
0.127679	-1.07362
0.128633	-1.07521
0.129587	-1.07682
0.130542	-1.07845
0.131497	-1.08008
0.132453	-1.08173
0.133409	-1.08336
0.134366	-1.08499
0.135324	-1.0866
0.136282	-1.08819
0.137241	-1.08975
0.1382	-1.09127
0.13916	-1.09276
0.14012	-1.09421
0.141081	-1.09562
0.142042	-1.09699
0.143004	-1.09831
0.143966	-1.09958
0.144929	-1.1008
0.145892	-1.10196
0.146856	-1.10307
0.14782	-1.10411
0.148785	-1.10509
0.14975	-1.106
0.150716	-1.10685
0.151682	-1.10764
0.152649	-1.10838
0.153616	-1.10909
0.154583	-1.10977
0.155551	-1.11043
0.15652	-1.1111
0.157488	-1.11176
0.158457	-1.11245
0.159427	-1.11317
0.160397	-1.11393
0.161367	-1.11475
0.162337	-1.11564
0.163308	-1.11658
0.164279	-1.11758
0.165251	-1.11862
0.165251	-1.11862
0.166223	-1.11968
0.167195	-1.12074
0.168168	-1.1218
0.169141	-1.12283
0.170114	-1.12384
0.171088	-1.12479
0.172062	-1.12568
0.173036	-1.12649
0.174011	-1.1272
0.174987	-1.12781
0.175962	-1.12832
0.176938	-1.12875
0.177915	-1.12911
0.178891	-1.1294
0.179868	-1.12965
0.180846	-1.12987
0.181823	-1.13007
0.182801	-1.13026
0.183779	-1.13046
0.184758	-1.13069
0.185736	-1.13095
0.186715	-1.13127
0.187695	-1.13165
0.188674	-1.13208
0.189654	-1.13257
0.190634	-1.13311
0.191614	-1.13368
0.192595	-1.13428
0.193575	-1.1349
0.194556	-1.13553
0.195538	-1.13616
0.196519	-1.13678
0.197501	-1.13738
0.198483	-1.13795
0.199466	-1.13849
0.200448	-1.13898
0.201431	-1.13942
0.202414	-1.13982
0.203398	-1.14018
0.204381	-1.1405
0.205365	-1.14079
0.206349	-1.14105
0.207334	-1.14128
0.208318	-1.14149
0.209303	-1.14168
0.210288	-1.14186
0.211274	-1.14203
0.212259	-1.14218
0.213245	-1.14234
0.214231	-1.1425
0.215217	-1.14265
0.216203	-1.1428
0.21719	-1.14295
0.218176	-1.14309
0.219163	-1.14323
0.22015	-1.14336
0.221138	-1.14349
0.222125	-1.14361
0.223113	-1.14373
0.224101	-1.14384
0.225089	-1.14394
0.226077	-1.14402
0.227066	-1.1441
0.228055	-1.14417
0.229043	-1.14423
0.230032	-1.14428
0.231022	-1.14433
0.232011	-1.14436
0.233	-1.1444
0.23399	-1.14442
0.23498	-1.14445
0.23597	-1.14447
0.23696	-1.14448
0.237951	-1.1445
0.238941	-1.14452
0.239932	-1.14455
0.240923	-1.14457
0.241913	-1.14459
0.242905	-1.14461
0.243896	-1.14463
0.244887	-1.14465
0.245879	-1.14465
0.246871	-1.14465
0.247862	-1.14464
0.248854	-1.14461
0.249847	-1.14457
0.250839	-1.14451
0.251831	-1.14442
0.252824	-1.14432
0.253817	-1.14419
0.254809	-1.14404
0.255802	-1.14388
0.256796	-1.14369
0.257789	-1.14349
0.258782	-1.14328
0.259776	-1.14306
0.260769	-1.14283
0.261763	-1.1426
0.262757	-1.14237
0.263751	-1.14214
0.264745	-1.14192
0.265739	-1.14171
0.266733	-1.14151
0.267728	-1.14133
0.268722	-1.14116
0.269717	-1.141
0.270711	-1.14084
0.271706	-1.14069
0.272701	-1.14055
0.273696	-1.1404
0.274691	-1.14024
0.275687	-1.14008
0.276682	-1.13991
0.277677	-1.13972
0.278673	-1.13952
0.279668	-1.13929
0.280664	-1.13904
0.28166	-1.13877
0.282656	-1.13847
0.283652	-1.13815
0.284648	-1.13781
0.285644	-1.13745
0.286641	-1.13707
0.287637	-1.13668
0.288633	-1.13628
0.28963	-1.13587
0.290627	-1.13545
0.291623	-1.13502
0.29262	-1.13459
0.293617	-1.13416
0.294614	-1.13373
0.295611	-1.1333
0.296608	-1.13287
0.297605	-1.13244
0.298602	-1.13201
0.299599	-1.13158
0.300597	-1.13116
0.301594	-1.13073
0.302592	-1.13031
0.303589	-1.12989
0.304587	-1.12947
0.305584	-1.12906
0.306582	-1.12864
0.30758	-1.12823
0.308578	-1.12782
0.309576	-1.12741
0.310574	-1.127
0.311572	-1.12659
0.31257	-1.12618
0.313568	-1.12576
0.314566	-1.12533
0.315564	-1.12489
0.316562	-1.12444
0.317561	-1.12398
0.318559	-1.1235
0.319557	-1.123
0.320556	-1.12248
0.321554	-1.12193
0.322553	-1.12137
0.323552	-1.12078
0.32455	-1.12018
0.325549	-1.11956
0.326548	-1.11894
0.327546	-1.11831
0.328545	-1.11767
0.329544	-1.11704
0.330543	-1.11642
0.331542	-1.11581
0.332541	-1.11522
0.33354	-1.11465
0.334539	-1.11411
0.335538	-1.1136
0.336537	-1.11312
0.337536	-1.11268
0.338535	-1.11226
0.339534	-1.11186
0.340533	-1.11147
0.341532	-1.1111
0.342531	-1.11073
0.343531	-1.11035
0.34453	-1.10997
0.345529	-1.10957
0.346528	-1.10914
0.347528	-1.10868
0.348527	-1.10818
0.349526	-1.10763
0.350526	-1.10704
0.351525	-1.1064
0.352525	-1.10572
0.353524	-1.105
0.354524	-1.10426
0.355523	-1.10348
0.356523	-1.10269
0.357522	-1.10188
0.358522	-1.10107
0.359521	-1.10025
0.360521	-1.09943
0.36152	-1.09863
0.36252	-1.09785
0.363519	-1.09708
0.364519	-1.09635
0.365518	-1.09563
0.366518	-1.09494
0.367517	-1.09427
0.368517	-1.09361
0.369516	-1.09297
0.370516	-1.09234
0.371516	-1.09172
0.372515	-1.0911
0.373515	-1.09048
0.374514	-1.08986
0.375514	-1.08923
0.376513	-1.08859
0.377513	-1.08793
0.378512	-1.08725
0.379512	-1.08656
0.380511	-1.08585
0.381511	-1.08512
0.38251	-1.08438
0.38351	-1.08363
0.384509	-1.08286
0.385509	-1.08208
0.386508	-1.0813
0.387508	-1.08051
0.388507	-1.07971
0.389507	-1.07891
0.390506	-1.07812
0.391505	-1.07732
0.392505	-1.07652
0.393504	-1.07571
0.394503	-1.07491
0.395503	-1.0741
0.396502	-1.07328
0.397501	-1.07245
0.3985	-1.07161
0.3995	-1.07075
0.400499	-1.06988
0.401498	-1.06898
0.402497	-1.06806
0.403496	-1.06711
0.404495	-1.06613
0.405494	-1.06513
0.406493	-1.06409
0.407492	-1.06302
0.408491	-1.06192
0.40949	-1.06079
0.410488	-1.05964
0.411487	-1.05846
0.412486	-1.05727
0.413485	-1.05605
0.414483	-1.05482
0.415482	-1.05357
0.416481	-1.0523
0.417479	-1.05103
0.418478	-1.04974
0.419476	-1.04845
0.420474	-1.04715
0.421473	-1.04584
0.422471	-1.04453
0.423469	-1.0432
0.424468	-1.04187
0.425466	-1.04052
0.426464	-1.03916
0.427462	-1.0378
0.42846	-1.03641
0.429458	-1.03502
0.430456	-1.03361
0.431454	-1.03218
0.432452	-1.03074
0.433449	-1.02928
0.434447	-1.0278
0.435445	-1.02632
0.436442	-1.02482
0.43744	-1.0233
0.438437	-1.02178
0.439435	-1.02025
0.440432	-1.01872
0.441429	-1.01718
0.442426	-1.01563
0.443424	-1.01409
0.444421	-1.01255
0.445418	-1.011
0.446415	-1.00946
0.447412	-1.00793
0.448409	-1.00639
0.449405	-1.00486
0.450402	-1.00333
0.451399	-1.0018
0.452396	-1.00027
0.453392	-0.998737
0.454389	-0.9972
0.455385	-0.995659
0.456381	-0.994112
0.457378	-0.992559
0.458374	-0.991
0.45937	-0.989433
0.460366	-0.987859
0.461362	-0.986279
0.462357	-0.984694
0.463353	-0.983105
0.464349	-0.981516
0.465344	-0.979928
0.46634	-0.978342
0.467335	-0.976762
0.46833	-0.975188
0.469325	-0.973623
0.470321	-0.972068
0.471316	-0.970525
0.472311	-0.968994
0.473305	-0.967478
0.4743	-0.965976
0.475295	-0.964489
0.47629	-0.963018
0.477284	-0.961563
0.478279	-0.960125
0.479273	-0.958703
0.480268	-0.957298
0.481262	-0.955909
0.482256	-0.954537
0.483251	-0.953182
0.484245	-0.951844
0.485239	-0.950523
0.486233	-0.949219
0.487227	-0.947932
0.488221	-0.946662
0.489214	-0.94541
0.490208	-0.944174
0.491202	-0.942957
0.492195	-0.941756
0.493189	-0.940573
0.494182	-0.939407
0.495175	-0.938258
0.496168	-0.937128
0.497162	-0.936015
0.498155	-0.93492
0.499147	-0.933843
0.50014	-0.932785
0.501133	-0.931744
0.502126	-0.930722
0.503118	-0.929718
0.50411	-0.928732
0.505103	-0.927765
0.506095	-0.926816
0.507087	-0.925885
0.508079	-0.924972
0.509071	-0.924076
0.510063	-0.923197
0.511055	-0.922335
0.512046	-0.92149
0.513038	-0.920661
0.514029	-0.919847
0.515021	-0.919048
0.516012	-0.918264
0.517003	-0.917494
0.517994	-0.916738
0.518986	-0.915994
0.519976	-0.915263
0.520967	-0.914545
0.521958	-0.913837
0.522949	-0.913142
0.52394	-0.912456
0.52493	-0.911781
0.525921	-0.911116
0.526912	-0.91046
0.527902	-0.909813
0.528892	-0.909175
0.529883	-0.908544
0.530873	-0.907921
0.531863	-0.907305
0.532853	-0.906696
0.533843	-0.906093
0.534833	-0.905496
0.535823	-0.904904
0.536812	-0.904317
0.537802	-0.903735
0.538792	-0.903158
0.539781	-0.902584
0.540771	-0.902014
0.54176	-0.901447
0.542749	-0.900882
0.543739	-0.90032
0.544728	-0.89976
0.545717	-0.899202
0.546706	-0.898644
0.547695	-0.898088
0.548684	-0.897533
0.549672	-0.896978
0.550661	-0.896423
0.55165	-0.895869
0.552638	-0.895316
0.553627	-0.894763
0.554615	-0.894212
0.555603	-0.893662
0.556591	-0.893115
0.55758	-0.892568
0.558568	-0.892019
0.559555	-0.891467
0.560543	-0.890911
0.561531	-0.890338
0.562519	-0.889679
0.563506	-0.888822
0.564494	-0.887663
0.565481	-0.886124
0.566469	-0.884162
0.567456	-0.881761
0.568443	-0.878912
0.56943	-0.875606
0.570417	-0.871829
0.571404	-0.867559
0.572391	-0.862772
0.573378	-0.857407
0.574365	-0.851366
0.575352	-0.844564
0.576338	-0.836959
0.577325	-0.828592
0.578312	-0.81955
0.579298	-0.809957
0.580284	-0.799966
0.581271	-0.789719
0.582257	-0.779351
0.583243	-0.768992
0.58423	-0.75876
0.585216	-0.74877
0.586202	-0.739133
0.587188	-0.72994
0.588174	-0.721261
0.58916	-0.713186
0.590146	-0.705793
0.591131	-0.699123
0.592117	-0.693185
0.593103	-0.687945
0.594088	-0.683354
0.595074	-0.679362
0.596059	-0.675912
0.597045	-0.672944
0.59803	-0.670395
0.599015	-0.668206
0.6	-0.666322
0.600985	-0.664691
0.601971	-0.663267
0.602956	-0.662012
0.60394	-0.660891
0.604925	-0.659877
0.60591	-0.658945
0.606895	-0.658075
0.607879	-0.65725
0.608864	-0.656455
0.609848	-0.655679
0.610833	-0.65491
0.611817	-0.654141
0.612801	-0.653365
0.613786	-0.652577
0.61477	-0.65177
0.615754	-0.650942
0.616738	-0.650087
0.617722	-0.649202
0.618705	-0.648285
0.619689	-0.647334
0.620673	-0.646351
0.621656	-0.645337
0.62264	-0.644293
0.623623	-0.643223
0.624607	-0.642128
0.62559	-0.641013
0.626573	-0.639879
0.627557	-0.63873
0.62854	-0.63757
0.629523	-0.636402
0.630506	-0.635231
0.631489	-0.63406
0.632472	-0.632893
0.633455	-0.631734
0.634438	-0.630582
0.635421	-0.629436
0.636403	-0.628292
0.637386	-0.627148
0.638369	-0.626002
0.639351	-0.624848
0.640334	-0.623684
0.641316	-0.622506
0.642298	-0.621312
0.643281	-0.620097
0.644263	-0.618858
0.645245	-0.617592
0.646227	-0.616294
0.647209	-0.614959
0.648191	-0.613582
0.649173	-0.612166
0.650154	-0.610713
0.651136	-0.609229
0.652118	-0.607719
0.653099	-0.606189
0.654081	-0.604642
0.655062	-0.603084
0.656043	-0.601519
0.657024	-0.599952
0.658006	-0.598388
0.658987	-0.596832
0.659968	-0.595287
0.660949	-0.59376
0.66193	-0.592256
0.662911	-0.590778
0.663892	-0.589328
0.664873	-0.587901
0.665854	-0.586494
0.666834	-0.585106
0.667815	-0.583733
0.668796	-0.582371
0.669776	-0.581017
0.670757	-0.579669
0.671738	-0.578322
0.672718	-0.576974
0.673699	-0.575623
0.674679	-0.574265
0.675659	-0.572897
0.676639	-0.571515
0.676639	-0.571515
0.67762	-0.570117
0.6786	-0.568701
0.67958	-0.567271
0.68056	-0.565827
0.68154	-0.564372
0.68252	-0.562907
0.683499	-0.561433
0.684479	-0.559954
0.685459	-0.558469
0.686438	-0.55698
0.687418	-0.555489
0.688397	-0.553997
0.689377	-0.552506
0.690356	-0.551017
0.691336	-0.549532
0.692315	-0.548053
0.693294	-0.546579
0.694273	-0.545111
0.695252	-0.543648
0.696231	-0.54219
0.69721	-0.540738
0.698189	-0.539291
0.699168	-0.53785
0.700147	-0.536414
0.701126	-0.534983
0.702105	-0.533557
0.703084	-0.532138
0.704062	-0.530725
0.705041	-0.52932
0.70602	-0.527921
0.706998	-0.526529
0.707977	-0.525144
0.708955	-0.523765
0.709934	-0.522391
0.710912	-0.521021
0.71189	-0.519656
0.712869	-0.518295
0.713847	-0.516936
0.714825	-0.51558
0.715803	-0.514226
0.716781	-0.512875
0.717759	-0.511524
0.718737	-0.510174
0.719715	-0.508825
0.720693	-0.507476
0.721671	-0.506127
0.722648	-0.504777
0.723626	-0.503426
0.724604	-0.502073
0.725581	-0.500718
0.726559	-0.499361
0.727536	-0.498001
0.728514	-0.496638
0.729491	-0.495271
0.730469	-0.493898
0.731446	-0.492521
0.732423	-0.491138
0.7334	-0.489748
0.734377	-0.48835
0.735354	-0.486942
0.736331	-0.485524
0.737308	-0.484096
0.738285	-0.482659
0.739262	-0.481214
0.740239	-0.479765
0.741215	-0.478311
0.742192	-0.476855
0.743169	-0.475398
0.744145	-0.473942
0.745122	-0.472487
0.746098	-0.471036
0.747075	-0.469589
0.748051	-0.468149
0.749027	-0.466717
0.750004	-0.465295
0.75098	-0.463884
0.751956	-0.462487
0.752932	-0.461102
0.753909	-0.459729
0.754885	-0.458367
0.755861	-0.457017
0.756837	-0.455677
0.757813	-0.454347
0.758789	-0.453026
0.759765	-0.451713
0.760741	-0.45041
0.761717	-0.449115
0.762693	-0.44783
0.763669	-0.446553
0.764644	-0.445285
0.76562	-0.444028
0.766596	-0.44278
0.767572	-0.44154
0.768547	-0.440306
0.769523	-0.439076
0.770498	-0.437848
0.771474	-0.43662
0.772449	-0.43539
0.773425	-0.434155
0.7744	-0.432915
0.775376	-0.431667
0.776351	-0.430409
0.777326	-0.429138
0.778301	-0.427851
0.779276	-0.426545
0.780251	-0.425217
0.781226	-0.423865
0.782201	-0.422489
0.783176	-0.421093
0.784151	-0.419681
0.785125	-0.418256
0.7861	-0.416821
0.787075	-0.415379
0.788049	-0.413932
0.789024	-0.412485
0.789998	-0.411039
0.790973	-0.409596
0.791947	-0.40816
0.792922	-0.406734
0.793896	-0.40532
0.794871	-0.403923
0.795845	-0.402544
0.796819	-0.401184
0.797794	-0.399843
0.798768	-0.39852
0.799742	-0.397213
0.800716	-0.39592
0.801691	-0.394641
0.802665	-0.393375
0.803639	-0.392122
0.804613	-0.39088
0.805587	-0.38965
0.806562	-0.38843
0.807536	-0.387221
0.80851	-0.386023
0.809484	-0.384835
0.810458	-0.383658
0.811432	-0.382491
0.812406	-0.381333
0.81338	-0.380182
0.814354	-0.379037
0.815328	-0.377895
0.816302	-0.376756
0.817276	-0.375618
0.818249	-0.374479
0.819223	-0.373337
0.820197	-0.372191
0.821171	-0.371039
0.822144	-0.36988
0.823118	-0.36871
0.824091	-0.367528
0.825065	-0.366331
0.826038	-0.365117
0.827012	-0.363889
0.827985	-0.362646
0.828958	-0.361393
0.829932	-0.360131
0.830905	-0.358862
0.831878	-0.357587
0.832851	-0.356309
0.833824	-0.355029
0.834798	-0.353747
0.835771	-0.352467
0.836744	-0.35119
0.837717	-0.349917
0.83869	-0.348649
0.839663	-0.34739
0.840635	-0.34614
0.841608	-0.3449
0.842581	-0.343669
0.843554	-0.342446
0.844527	-0.341232
0.8455	-0.340024
0.846473	-0.338822
0.847445	-0.337626
0.848418	-0.336436
0.849391	-0.33525
0.850364	-0.334069
0.851336	-0.332892
0.852309	-0.331719
0.853282	-0.33055
0.854254	-0.329383
0.855227	-0.32822
0.856199	-0.327059
0.857172	-0.3259
0.858144	-0.324743
0.859117	-0.323589
0.860089	-0.322437
0.861062	-0.321287
0.862034	-0.320138
0.863007	-0.318991
0.863979	-0.317846
0.864951	-0.316702
0.865924	-0.315559
0.866896	-0.314418
0.867868	-0.313278
0.86884	-0.312138
0.869812	-0.311001
0.870785	-0.309863
0.871757	-0.308727
0.872729	-0.30759
0.873701	-0.306453
0.874673	-0.305316
0.875645	-0.304177
0.876617	-0.303037
0.877589	-0.301894
0.878561	-0.30075
0.879533	-0.299602
0.880505	-0.29845
0.881477	-0.297295
0.882449	-0.296135
0.88342	-0.29497
0.884392	-0.293798
0.885364	-0.292619
0.886336	-0.291433
0.887307	-0.290241
0.888279	-0.289044
0.88925	-0.287844
0.890222	-0.286643
0.891194	-0.28544
0.892165	-0.284238
0.893137	-0.283038
0.894108	-0.28184
0.89508	-0.280646
0.896051	-0.279456
0.897023	-0.278273
0.897994	-0.277097
0.898966	-0.27593
0.899937	-0.274773
0.900908	-0.273628
0.90188	-0.272493
0.902851	-0.271368
0.903823	-0.270252
0.904794	-0.269143
0.905766	-0.26804
0.906737	-0.266942
0.907708	-0.265849
0.90868	-0.26476
0.909651	-0.263674
0.910622	-0.262589
0.911594	-0.261506
0.912565	-0.260424
0.913536	-0.259341
0.914508	-0.258256
0.915479	-0.257169
0.91645	-0.256079
0.917421	-0.254989
0.918393	-0.253898
0.919364	-0.252808
0.920335	-0.25172
0.921306	-0.250634
0.922277	-0.249553
0.923248	-0.248476
0.92422	-0.247405
0.925191	-0.24634
0.926162	-0.245284
0.927133	-0.244237
0.928104	-0.243201
0.929075	-0.242177
0.930046	-0.241168
0.931018	-0.240173
0.931989	-0.239192
0.93296	-0.238221
0.933931	-0.237257
0.934902	-0.236299
0.935873	-0.235343
0.936844	-0.234387
0.937815	-0.233428
0.938786	-0.232465
0.939757	-0.231496
0.940728	-0.230516
0.941699	-0.229525
0.94267	-0.228519
0.943641	-0.227494
0.944612	-0.226446
0.945583	-0.225373
0.946553	-0.224275
0.947524	-0.223156
0.948495	-0.22202
0.949465	-0.220871
0.950436	-0.219712
0.951406	-0.218546
0.952377	-0.217378
0.953348	-0.216209
0.954318	-0.215043
0.955289	-0.213883
0.956259	-0.212733
0.95723	-0.211595
0.9582	-0.210473
0.959171	-0.209372
0.960142	-0.208296
0.961112	-0.207246
0.962083	-0.206221
0.963054	-0.205218
0.964024	-0.204232
0.964995	-0.20326
0.965966	-0.2023
0.966936	-0.201348
0.967907	-0.200404
0.968878	-0.199462
0.969848	-0.198523
0.970819	-0.197582
0.97179	-0.196637
0.97276	-0.195687
0.973731	-0.194727
0.974701	-0.193753
0.975672	-0.192765
0.976642	-0.19176
0.977613	-0.190742
0.978583	-0.189712
0.979554	-0.188674
0.980524	-0.18763
0.981495	-0.186581
0.982465	-0.18553
0.983436	-0.184478
0.984406	-0.183426
0.985376	-0.182377
0.986347	-0.181332
0.987317	-0.180294
0.988288	-0.179263
0.989258	-0.178243
0.990229	-0.177235
0.991199	-0.176241
0.99217	-0.17526
0.99314	-0.174291
0.994111	-0.173331
0.995081	-0.172379
0.996052	-0.171435
0.997022	-0.170495
0.997993	-0.16956
0.998963	-0.168628
0.999934	-0.167698
1.0009	-0.166769
1.00187	-0.16584
1.00285	-0.164909
1.00382	-0.163976
1.00479	-0.163037
1.00576	-0.162093
1.00673	-0.161144
1.0077	-0.160189
1.00867	-0.159231
1.00964	-0.15827
1.01061	-0.157307
1.01158	-0.156343
1.01255	-0.155379
1.01352	-0.154415
1.01449	-0.153453
1.01546	-0.152493
1.01643	-0.151537
1.0174	-0.150584
1.01837	-0.149636
1.01934	-0.148695
1.02031	-0.147761
1.02128	-0.146836
1.02225	-0.145917
1.02323	-0.145005
1.0242	-0.144099
1.02517	-0.143195
1.02614	-0.142294
1.02711	-0.141395
1.02808	-0.140497
1.02905	-0.139598
1.03002	-0.138697
1.03099	-0.137793
1.03196	-0.136886
1.03293	-0.135975
1.0339	-0.135057
1.03487	-0.13413
1.03584	-0.133194
1.03681	-0.132247
1.03778	-0.131293
1.03875	-0.130332
1.03972	-0.129367
1.04069	-0.128399
1.04166	-0.12743
1.04263	-0.126462
1.0436	-0.125495
1.04458	-0.124532
1.04555	-0.123573
1.04652	-0.12262
1.04749	-0.121676
1.04846	-0.120742
1.04943	-0.11982
1.0504	-0.118912
1.05137	-0.118021
1.05234	-0.117145
1.05331	-0.116283
1.05428	-0.115431
1.05525	-0.114587
1.05622	-0.113749
1.05719	-0.112915
1.05816	-0.112084
1.05913	-0.111253
1.0601	-0.110421
1.06108	-0.109586
1.06205	-0.108746
1.06302	-0.107898
1.06399	-0.107042
1.06496	-0.106174
1.06593	-0.105291
1.0669	-0.104393
1.06787	-0.103481
1.06884	-0.102557
1.06981	-0.101623
1.07078	-0.10068
1.07175	-0.0997307
1.07272	-0.0987751
1.07369	-0.0978149
1.07466	-0.0968512
1.07563	-0.0958849
1.0766	-0.0949172
1.07758	-0.0939493
1.07855	-0.092982
1.07952	-0.0920161
1.08049	-0.0910525
1.08146	-0.0900926
1.08243	-0.0891366
1.0834	-0.0881851
1.08437	-0.087239
1.08534	-0.086299
1.08631	-0.0853656
1.08728	-0.0844398
1.08825	-0.0835222
1.08922	-0.0826132
1.09019	-0.0817141
1.09117	-0.0808263
1.09214	-0.0799507
1.09311	-0.0790884
1.09408	-0.0782418
1.09505	-0.0774127
1.09602	-0.0766028
1.09699	-0.0758124
1.09796	-0.0750393
1.09893	-0.0742801
1.09991	-0.0735315
1.10088	-0.0727906
1.10185	-0.0720551
1.10282	-0.071322
1.10379	-0.0705888
1.10476	-0.069853
1.10573	-0.069112
1.1067	-0.0683633
1.10768	-0.0676036
1.10865	-0.0668294
1.10962	-0.0660373
1.11059	-0.065223
1.11156	-0.0643835
1.11253	-0.0635203
1.1135	-0.0626375
1.11447	-0.0617385
1.11544	-0.0608266
1.11642	-0.0599053
1.11739	-0.0589773
1.11836	-0.0580452
1.11933	-0.0571119
1.1203	-0.0561799
1.12127	-0.0552518
1.12224	-0.0543304
1.12321	-0.0534187
1.12419	-0.05252
1.12516	-0.0516381
1.12613	-0.0507765
1.1271	-0.0499359
1.12807	-0.0491142
1.12904	-0.0483082
1.13001	-0.0475151
1.13099	-0.0467328
1.13196	-0.0459591
1.13293	-0.0451919
1.1339	-0.044429
1.13487	-0.0436684
1.13584	-0.0429082
1.13682	-0.0421466
1.13779	-0.0413812
1.13876	-0.04061
1.13973	-0.0398307
1.1407	-0.0390407
1.14167	-0.0382381
1.14265	-0.0374237
1.14362	-0.0365993
1.14459	-0.0357663
1.14556	-0.0349267
1.14653	-0.0340819
1.1475	-0.033233
1.14848	-0.0323813
1.14945	-0.031528
1.15042	-0.0306741
1.15139	-0.0298208
1.15236	-0.0289696
1.15334	-0.0281213
1.15431	-0.027277
1.15528	-0.0264382
1.15625	-0.025606
1.15722	-0.0247808
1.15819	-0.0239625
1.15917	-0.0231509
1.16014	-0.0223455
1.16111	-0.0215457
1.16208	-0.0207517
1.16306	-0.0199633
1.16403	-0.0191804
1.165	-0.0184029
1.16597	-0.0176309
1.16694	-0.0168645
1.16792	-0.0161044
1.16889	-0.0153504
1.16986	-0.0146032
1.17083	-0.0138634
1.17181	-0.0131309
1.17278	-0.0124045
1.17375	-0.0116827
1.17472	-0.0109642
1.1757	-0.0102474
1.17667	-0.00953081
1.17764	-0.00881352
1.17861	-0.00809423
1.17959	-0.00737142
1.18056	-0.00664373
1.18153	-0.00590973
1.18251	-0.00516772
1.18348	-0.00441596
1.18445	-0.00365191
1.18542	-0.00287281
1.1864	-0.00207762
1.18737	-0.00126719
1.18834	-0.000443612
1.18931	0.000390476
1.19029	0.0012324
1.19126	0.00207964
1.19223	0.00293006
1.19321	0.00378197
1.19321	0.00378197
1.19418	0.00463357
1.19515	0.00548243
1.19612	0.00632627
1.1971	0.00716342
1.19807	0.0079917
1.19904	0.00880825
1.20002	0.00961009
1.20099	0.0103947
1.20196	0.0111615
1.20294	0.0119121
1.20391	0.0126484
1.20488	0.0133728
1.20586	0.014087
1.20683	0.0147928
1.2078	0.0154919
1.20878	0.0161855
1.20975	0.0168747
1.21072	0.0175611
1.2117	0.0182463
1.21267	0.0189318
1.21364	0.0196192
1.21462	0.0203099
1.21559	0.0210054
1.21656	0.0217068
1.21754	0.0224143
1.21851	0.023127
1.21949	0.0238441
1.22046	0.0245652
1.22143	0.0252899
1.22241	0.0260175
1.22338	0.026748
1.22435	0.0274813
1.22533	0.0282167
1.2263	0.0289541
1.22728	0.0296933
1.22825	0.0304346
1.22922	0.0311777
1.2302	0.0319223
1.23117	0.0326684
1.23215	0.0334157
1.23312	0.0341635
1.23409	0.0349116
1.23507	0.0356594
1.23604	0.0364061
1.23702	0.0371514
1.23799	0.0378948
1.23897	0.0386359
1.23994	0.0393742
1.24091	0.0401092
1.24189	0.0408399
1.24286	0.0415655
1.24384	0.0422855
1.24481	0.042999
1.24579	0.0437051
1.24676	0.0444036
1.24774	0.0450951
1.24871	0.0457812
1.24969	0.046463
1.25066	0.0471411
1.25164	0.0478166
1.25261	0.0484904
1.25359	0.0491633
1.25456	0.049836
1.25554	0.0505095
1.25651	0.0511847
1.25749	0.0518623
1.25846	0.0525435
1.25944	0.0532296
1.26041	0.0539218
1.26139	0.0546205
1.26236	0.0553255
1.26334	0.0560358
1.26431	0.0567504
1.26529	0.0574687
1.26626	0.0581902
1.26724	0.0589139
1.26821	0.0596392
1.26919	0.0603659
1.27016	0.0610931
1.27114	0.0618207
1.27211	0.0625478
1.27309	0.0632737
1.27407	0.0639982
1.27504	0.0647208
1.27602	0.0654408
1.27699	0.0661577
1.27797	0.0668718
1.27894	0.0675836
1.27992	0.0682928
1.28089	0.0689994
1.28187	0.0697036
1.28285	0.0704053
1.28382	0.0711047
1.2848	0.0718017
1.28577	0.072496
1.28675	0.0731874
1.28773	0.0738761
1.2887	0.074562
1.28968	0.0752447
1.29066	0.0759242
1.29163	0.0766007
1.29261	0.0772743
1.29358	0.0779458
1.29456	0.0786157
1.29554	0.0792843
1.29651	0.0799523
1.29749	0.0806199
1.29847	0.0812874
1.29944	0.0819553
1.30042	0.0826243
1.3014	0.0832953
1.30237	0.0839683
1.30335	0.0846438
1.30433	0.0853229
1.3053	0.0860062
1.30628	0.086694
1.30726	0.0873854
1.30823	0.0880796
1.30921	0.0887755
1.31019	0.0894724
1.31117	0.0901694
1.31214	0.0908658
1.31312	0.091561
1.3141	0.0922541
1.31507	0.0929445
1.31605	0.0936316
1.31703	0.0943141
1.31801	0.0949911
1.31898	0.0956617
1.31996	0.0963248
1.32094	0.09698
1.32192	0.0976275
1.32289	0.0982683
1.32387	0.0989034
1.32485	0.0995336
1.32583	0.10016
1.32681	0.100782
1.32778	0.101402
1.32876	0.102019
1.32974	0.102634
1.33072	0.103248
1.3317	0.103862
1.33267	0.104476
1.33365	0.10509
1.33463	0.105705
1.33561	0.106322
1.33659	0.106941
1.33756	0.107561
1.33854	0.108184
1.33952	0.108809
1.3405	0.109436
1.34148	0.110065
1.34246	0.110697
1.34344	0.111332
1.34441	0.111971
1.34539	0.112612
1.34637	0.113258
1.34735	0.113908
1.34833	0.114563
1.34931	0.115224
1.35029	0.115891
1.35127	0.116563
1.35224	0.117241
1.35322	0.117922
1.3542	0.118606
1.35518	0.119293
1.35616	0.119981
1.35714	0.120671
1.35812	0.12136
1.3591	0.122049
1.36008	0.122737
1.36106	0.123423
1.36203	0.124107
1.36301	0.124787
1.36399	0.125462
1.36497	0.126132
1.36595	0.126797
1.36693	0.127457
1.36791	0.128113
1.36889	0.128766
1.36987	0.129414
1.37085	0.130061
1.37183	0.130704
1.37281	0.131346
1.37379	0.131986
1.37477	0.132625
1.37575	0.133263
1.37673	0.1339
1.37771	0.134536
1.37869	0.135174
1.37967	0.135812
1.38065	0.13645
1.38163	0.137089
1.38261	0.137728
1.38359	0.138365
1.38457	0.139002
1.38555	0.139637
1.38653	0.14027
1.38751	0.140899
1.3885	0.141526
1.38948	0.142149
1.39046	0.142767
1.39144	0.14338
1.39242	0.143987
1.3934	0.144585
1.39438	0.145175
1.39536	0.145757
1.39634	0.146332
1.39732	0.146902
1.39831	0.14747
1.39929	0.148038
1.40027	0.148607
1.40125	0.14918
1.40223	0.149758
1.40321	0.150343
1.40419	0.150937
1.40518	0.151542
1.40616	0.152161
1.40714	0.152795
1.40812	0.153449
1.4091	0.154125
1.41008	0.154823
1.41106	0.15554
1.41205	0.156275
1.41303	0.157023
1.41401	0.157782
1.41499	0.158549
1.41597	0.159323
1.41695	0.1601
1.41794	0.160878
1.41892	0.161655
1.4199	0.162429
1.42088	0.163196
1.42186	0.163954
1.42284	0.164697
1.42383	0.165424
1.42481	0.166134
1.42579	0.16683
1.42677	0.167515
1.42775	0.168195
1.42874	0.168873
1.42972	0.169552
1.4307	0.170235
1.43168	0.170926
1.43267	0.171629
1.43365	0.172345
1.43463	0.173079
1.43561	0.173835
1.4366	0.174617
1.43758	0.175429
1.43856	0.176276
1.43954	0.177159
1.44052	0.178073
1.44151	0.179015
1.44249	0.179981
1.44347	0.180968
1.44445	0.181972
1.44544	0.18299
1.44642	0.18402
1.4474	0.185058
1.44838	0.186103
1.44936	0.18715
1.45035	0.188196
1.45133	0.189239
1.45231	0.190274
1.45329	0.191298
1.45428	0.192313
1.45526	0.193322
1.45624	0.19433
1.45723	0.195341
1.45821	0.196357
1.45919	0.197383
1.46017	0.198421
1.46116	0.199475
1.46214	0.200549
1.46312	0.201646
1.46411	0.202769
1.46509	0.203924
1.46607	0.205115
1.46705	0.206345
1.46804	0.207615
1.46902	0.208922
1.47	0.21026
1.47099	0.211628
1.47197	0.213022
1.47295	0.214439
1.47393	0.215877
1.47492	0.217333
1.4759	0.218807
1.47688	0.220297
1.47787	0.221801
1.47885	0.223313
1.47983	0.224835
1.48082	0.226371
1.4818	0.227925
1.48278	0.229481
1.48377	0.23103
1.48475	0.232571
1.48574	0.234103
1.48672	0.235627
1.48771	0.237136
1.48869	0.238627
1.48968	0.240095
1.49066	0.241532
1.49165	0.242937
1.49263	0.244298
1.49362	0.24564
1.49461	0.246928
1.49559	0.248288
1.49658	0.2495
1.49757	0.250963
1.49855	0.252049
1.49954	0.254048
1.50053	0.25445
1.50151	0.254724
1.5025	0.239561
)
