(title "Skin Friction Coefficient")
(labels "Position" "Skin Friction Coefficient")

((xy/key/label "lower")
0.000587091	0.0143962
0.00061612	0.0163449
0.000616961	0.0124543
0.000694586	0.0106284
0.000716135	0.0180023
0.00080982	0.00902796
0.000899604	0.0188535
0.000953438	0.00774402
0.00112247	0.00672161
0.00117808	0.0181347
0.00132108	0.00578598
0.00155006	0.00486107
0.00155425	0.0157521
0.0020073	0.0132467
0.00251694	0.0116439
0.00307303	0.0105213
0.00366752	0.00961522
0.00429251	0.00902473
0.00494125	0.00872073
0.00561195	0.00839645
0.00630472	0.00783938
0.00701677	0.00725772
0.00774292	0.00694854
0.00847932	0.00694383
0.00922582	0.00703468
0.00998292	0.0070306
0.0107505	0.0069133
0.0115277	0.00676128
0.0123137	0.00662521
0.0131079	0.00648943
0.0139096	0.00636461
0.0147184	0.00626148
0.0155338	0.00616222
0.0163557	0.00605259
0.0171838	0.0059255
0.0180176	0.00579697
0.0188568	0.00568869
0.0197009	0.00561905
0.0205494	0.00557176
0.0214026	0.00550463
0.0222606	0.00538033
0.0231236	0.00516915
0.0239916	0.00492116
0.0248637	0.00469111
0.0257393	0.00453584
0.0266173	0.00448389
0.0274974	0.00451829
0.0283796	0.00459297
0.0292644	0.0046348
0.0301519	0.0046172
0.0310427	0.0045268
0.0319365	0.00438893
0.0328332	0.00424517
0.0337322	0.00412898
0.0346332	0.00405476
0.0355359	0.00402916
0.03644	0.00404374
0.0373455	0.00407425
0.0382526	0.00410515
0.0391613	0.0041275
0.0400717	0.00413643
0.0409838	0.00413045
0.0418975	0.00411252
0.042813	0.00408676
0.0437301	0.00405559
0.0446487	0.00401989
0.045569	0.00398003
0.0464908	0.00393673
0.0474141	0.00389166
0.0483388	0.00384694
0.049265	0.00380417
0.0501924	0.00376453
0.0511211	0.00372896
0.0520511	0.00369829
0.0529822	0.00367259
0.0539144	0.00365009
0.0548478	0.00362807
0.0557823	0.00360476
0.0567179	0.00357921
0.0576546	0.00355063
0.0585924	0.00351822
0.0595312	0.0034814
0.0604711	0.00344086
0.0614121	0.00339918
0.062354	0.00335937
0.0632968	0.00332345
0.0642404	0.00329279
0.0651849	0.00326852
0.0661302	0.00325183
0.0670761	0.00324398
0.0680227	0.00324569
0.06897	0.0032551
0.0699179	0.00326776
0.0708664	0.00327958
0.0718157	0.0032882
0.0727657	0.00329203
0.0737164	0.00328976
0.0746679	0.00328029
0.0756202	0.00326248
0.0765733	0.00323516
0.0775273	0.00319836
0.078482	0.00315476
0.0794376	0.00310839
0.0803939	0.00306222
0.0813509	0.0030178
0.0823085	0.00297616
0.0832668	0.00293815
0.0842257	0.00290452
0.0851852	0.00287587
0.0861452	0.00285307
0.0871057	0.00283674
0.0880666	0.00282592
0.0880666	0.00282592
0.089028	0.00281897
0.0899899	0.0028146
0.0909522	0.00281166
0.091915	0.00280939
0.0928782	0.00280737
0.0938418	0.00280529
0.0948059	0.00280296
0.0957705	0.00280023
0.0967355	0.00279703
0.0977009	0.00279327
0.0986668	0.00278891
0.0996331	0.00278387
0.1006	0.00277806
0.101567	0.0027714
0.102535	0.00276383
0.103503	0.00275529
0.104471	0.00274573
0.10544	0.00273508
0.106409	0.00272325
0.107379	0.00271016
0.108349	0.00269568
0.10932	0.00267966
0.110291	0.00266203
0.111262	0.00264303
0.112234	0.00262334
0.113206	0.00260364
0.114179	0.00258434
0.115152	0.00256575
0.116125	0.00254804
0.117099	0.00253137
0.118073	0.00251589
0.119047	0.00250179
0.120022	0.00248919
0.120997	0.00247826
0.121972	0.00246918
0.122947	0.00246212
0.123923	0.00245693
0.124899	0.00245301
0.125876	0.00244976
0.126852	0.00244675
0.127829	0.00244374
0.128807	0.00244056
0.129784	0.00243709
0.130762	0.0024332
0.13174	0.00242883
0.132718	0.0024239
0.133697	0.00241837
0.134676	0.00241216
0.135655	0.00240521
0.136634	0.00239748
0.137614	0.00238905
0.138594	0.00238002
0.139574	0.00237047
0.140555	0.00236046
0.141536	0.00235002
0.142517	0.00233916
0.143498	0.00232786
0.14448	0.00231614
0.145461	0.002304
0.146444	0.00229141
0.147426	0.00227832
0.148409	0.00226471
0.149391	0.00225051
0.150374	0.00223566
0.151358	0.00222039
0.152341	0.00220497
0.153325	0.00218981
0.154309	0.00217516
0.155293	0.00216103
0.156278	0.00214766
0.157262	0.00213517
0.158247	0.00212363
0.159232	0.00211314
0.160218	0.00210382
0.161203	0.00209567
0.162189	0.00208917
0.163174	0.00208395
0.16416	0.00208027
0.165146	0.00207848
0.166133	0.0020777
0.167119	0.00207757
0.168106	0.00207764
0.169092	0.00207767
0.170079	0.00207742
0.171066	0.00207672
0.172054	0.00207543
0.173041	0.00207344
0.174029	0.00207067
0.175016	0.002067
0.176004	0.00206234
0.176992	0.0020566
0.177981	0.00204967
0.178969	0.00204145
0.179958	0.00203201
0.180947	0.00202163
0.181936	0.00201063
0.182925	0.00199926
0.183914	0.00198742
0.184904	0.00197554
0.185893	0.00196363
0.186883	0.00195151
0.187873	0.00193951
0.188863	0.00192751
0.189853	0.0019156
0.190844	0.00190379
0.191834	0.00189213
0.192825	0.00188063
0.193816	0.00186929
0.194807	0.00185813
0.195798	0.00184716
0.196789	0.00183642
0.197781	0.00182593
0.198772	0.00181568
0.199764	0.00180568
0.200756	0.00179594
0.201748	0.00178649
0.20274	0.00177736
0.203732	0.00176852
0.204724	0.00176
0.205717	0.00175182
0.206709	0.00174402
0.207702	0.00173661
0.208695	0.00172962
0.209687	0.00172302
0.21068	0.00171673
0.211673	0.00171067
0.212667	0.00170479
0.21366	0.00169901
0.214653	0.00169333
0.215647	0.0016877
0.21664	0.0016821
0.217634	0.00167651
0.218628	0.00167093
0.219621	0.00166536
0.220615	0.00165978
0.221609	0.00165419
0.222604	0.00164858
0.223598	0.00164293
0.224592	0.00163724
0.225586	0.00163151
0.226581	0.00162575
0.227576	0.00161997
0.22857	0.00161417
0.229565	0.00160835
0.23056	0.00160249
0.231555	0.0015966
0.23255	0.00159067
0.233545	0.00158472
0.23454	0.00157876
0.235535	0.00157278
0.236531	0.00156676
0.237526	0.00156072
0.238522	0.00155465
0.239517	0.00154857
0.240513	0.00154248
0.241509	0.00153638
0.242504	0.00153027
0.2435	0.00152413
0.244496	0.00151797
0.245492	0.00151182
0.246488	0.00150568
0.247485	0.00149954
0.248481	0.00149339
0.249477	0.00148726
0.250474	0.00148112
0.25147	0.00147499
0.252467	0.00146885
0.253463	0.00146271
0.25446	0.00145659
0.255457	0.00145047
0.256453	0.00144431
0.25745	0.00143811
0.258447	0.00143182
0.259444	0.00142542
0.260441	0.00141889
0.261438	0.00141221
0.262435	0.00140537
0.263433	0.00139835
0.26443	0.00139113
0.265427	0.0013837
0.266425	0.00137607
0.267422	0.00136823
0.26842	0.00136015
0.269417	0.00135182
0.270415	0.00134324
0.271412	0.00133441
0.27241	0.00132537
0.273408	0.00131624
0.274406	0.00130706
0.275404	0.00129789
0.276402	0.00128875
0.2774	0.00127966
0.278398	0.00127063
0.279396	0.00126171
0.280394	0.0012529
0.281392	0.00124423
0.28239	0.00123571
0.283388	0.00122733
0.284387	0.00121911
0.285385	0.00121106
0.286383	0.00120322
0.287382	0.00119556
0.28838	0.00118809
0.289379	0.00118077
0.290377	0.00117359
0.291376	0.00116656
0.292374	0.00115969
0.293373	0.00115297
0.294372	0.00114639
0.29537	0.00113996
0.296369	0.00113367
0.297368	0.00112751
0.298366	0.00112152
0.299365	0.0011157
0.300364	0.00111005
0.301363	0.00110456
0.302362	0.00109925
0.303361	0.00109411
0.30436	0.00108911
0.305359	0.00108419
0.306358	0.00107935
0.307357	0.00107457
0.308356	0.00106983
0.309355	0.00106512
0.310354	0.00106044
0.311353	0.00105577
0.312352	0.00105109
0.313351	0.00104639
0.314351	0.00104169
0.31535	0.00103698
0.316349	0.00103224
0.317348	0.00102747
0.318348	0.00102267
0.319347	0.00101781
0.320346	0.00101289
0.321346	0.0010079
0.322345	0.00100284
0.323344	0.000997697
0.324344	0.000992456
0.325343	0.000987101
0.326343	0.000981622
0.327342	0.000976029
0.328342	0.000970324
0.329341	0.00096448
0.330341	0.000958489
0.33134	0.000952347
0.33234	0.000946042
0.333339	0.000939565
0.334339	0.000932934
0.335338	0.000926169
0.336338	0.000919287
0.337338	0.000912336
0.338337	0.000905354
0.339337	0.000898353
0.340336	0.000891349
0.341336	0.00088436
0.342336	0.000877399
0.343336	0.000870489
0.344335	0.000863647
0.345335	0.00085688
0.346335	0.000850195
0.347334	0.000843587
0.348334	0.000837071
0.349334	0.000830658
0.350334	0.000824349
0.351333	0.000818152
0.352333	0.00081208
0.353333	0.000806137
0.354333	0.000800327
0.355332	0.000794655
0.356332	0.000789127
0.357332	0.000783746
0.358332	0.000778518
0.359332	0.00077345
0.360331	0.000768551
0.361331	0.000763827
0.362331	0.000759281
0.363331	0.000754918
0.364331	0.000750745
0.365331	0.000746763
0.36633	0.000742978
0.36733	0.000739399
0.36833	0.000735998
0.36933	0.000732722
0.37033	0.000729538
0.37133	0.000726419
0.37233	0.000723356
0.373329	0.000720336
0.374329	0.000717328
0.375329	0.000714316
0.376329	0.000711289
0.377329	0.000708233
0.378329	0.000705147
0.379328	0.000702021
0.380328	0.000698834
0.381328	0.000695576
0.382328	0.000692242
0.383328	0.000688824
0.384328	0.00068533
0.385328	0.000681784
0.386327	0.000678204
0.387327	0.000674599
0.388327	0.000670973
0.389327	0.000667326
0.390327	0.000663661
0.391327	0.000659987
0.392327	0.000656326
0.393326	0.000652681
0.394326	0.000649041
0.395326	0.000645421
0.396326	0.00064183
0.397326	0.000638266
0.398326	0.000634737
0.399325	0.000631249
0.400325	0.000627787
0.401325	0.000624319
0.402325	0.000620815
0.403325	0.000617247
0.404324	0.000613611
0.405324	0.000609887
0.406324	0.000606044
0.407324	0.000602076
0.408324	0.000597968
0.409323	0.000593696
0.410323	0.000589262
0.411323	0.000584655
0.412323	0.000579846
0.413322	0.000574824
0.414322	0.000569593
0.415322	0.000564144
0.416322	0.000558472
0.417321	0.000552625
0.418321	0.000546687
0.419321	0.000540743
0.42032	0.000534854
0.42132	0.000529061
0.42232	0.000523408
0.42332	0.000517921
0.424319	0.000512637
0.425319	0.000507603
0.426318	0.000502843
0.427318	0.000498374
0.428318	0.00049422
0.429317	0.000490412
0.430317	0.000486991
0.431317	0.000483986
0.432316	0.000481406
0.433316	0.000479229
0.434315	0.000477387
0.435315	0.000475793
0.436315	0.000474368
0.437314	0.000473067
0.438314	0.000471845
0.439313	0.000470651
0.440313	0.00046944
0.441313	0.000468179
0.442312	0.000466839
0.443312	0.000465381
0.444311	0.000463776
0.445311	0.00046199
0.44631	0.000459992
0.44731	0.000457763
0.448309	0.000455279
0.449309	0.000452522
0.450308	0.000449515
0.451308	0.00044631
0.452307	0.000442952
0.453306	0.000439502
0.454306	0.000435998
0.455305	0.000432459
0.456305	0.000428907
0.457304	0.000425371
0.458303	0.00042188
0.459303	0.000418441
0.460302	0.000415076
0.461301	0.000411807
0.462301	0.00040865
0.4633	0.000405628
0.464299	0.000402745
0.465299	0.000400012
0.466298	0.000397428
0.467297	0.000394992
0.468297	0.000392683
0.469296	0.000390458
0.470295	0.000388312
0.471294	0.000386236
0.472294	0.000384209
0.473293	0.000382216
0.474292	0.000380255
0.475291	0.000378311
0.47629	0.000376369
0.47729	0.00037443
0.478289	0.00037249
0.479288	0.000370536
0.480287	0.000368555
0.481286	0.000366549
0.482285	0.000364512
0.483284	0.000362434
0.484284	0.000360329
0.485283	0.000358208
0.486282	0.000356071
0.487281	0.000353917
0.48828	0.000351735
0.489279	0.000349536
0.490278	0.000347343
0.491277	0.000345152
0.492276	0.000342949
0.493275	0.000340734
0.494274	0.000338512
0.495273	0.000336279
0.496272	0.000334059
0.497271	0.000331853
0.49827	0.000329646
0.499269	0.000327433
0.500267	0.000325211
0.501266	0.000322979
0.502265	0.000320744
0.503264	0.000318498
0.504263	0.00031623
0.505262	0.000313925
0.506261	0.000311576
0.507259	0.00030918
0.508258	0.000306747
0.509257	0.000304279
0.510256	0.000301773
0.511254	0.000299218
0.512253	0.000296599
0.513252	0.000293917
0.514251	0.000291166
0.515249	0.00028835
0.516248	0.000285489
0.517247	0.000282591
0.518245	0.000279657
0.519244	0.000276698
0.520242	0.000273727
0.521241	0.000270773
0.52224	0.000267847
0.523238	0.000264947
0.524237	0.000262074
0.525235	0.000259233
0.526234	0.000256452
0.527232	0.000253744
0.528231	0.000251108
0.529229	0.000248544
0.530228	0.000246044
0.531226	0.000243634
0.532225	0.000241328
0.533223	0.000239118
0.534222	0.00023699
0.53522	0.000234925
0.536218	0.000232918
0.537217	0.000230969
0.538215	0.000229089
0.539214	0.000227269
0.540212	0.000225486
0.54121	0.000223734
0.542209	0.000222015
0.543207	0.000220328
0.544205	0.000218669
0.545203	0.000217032
0.546202	0.00021541
0.5472	0.000213809
0.548198	0.000212232
0.549196	0.000210663
0.550195	0.000209096
0.551193	0.000207544
0.552191	0.000206011
0.553189	0.000204486
0.554187	0.000202963
0.555186	0.000201425
0.556184	0.000199867
0.557182	0.000198291
0.55818	0.000196694
0.559178	0.000195097
0.560176	0.000193495
0.561174	0.000191861
0.562172	0.000190197
0.56317	0.000188496
0.564168	0.000186762
0.565166	0.000185015
0.566164	0.00018325
0.567162	0.000181454
0.56816	0.000179637
0.569158	0.000177814
0.570156	0.000176014
0.571154	0.000174241
0.572152	0.000172486
0.57315	0.000170778
0.574148	0.000169127
0.575146	0.000167532
0.576143	0.00016601
0.577141	0.000164559
0.578139	0.000163172
0.579137	0.000161874
0.580135	0.000160674
0.581133	0.000159567
0.58213	0.00015857
0.583128	0.000157673
0.584126	0.000156867
0.585124	0.000156168
0.586121	0.000155554
0.587119	0.000154989
0.588117	0.00015446
0.589115	0.000153951
0.590112	0.000153464
0.59111	0.000153001
0.592108	0.000152536
0.593105	0.000152057
0.594103	0.000151542
0.595101	0.000150985
0.596098	0.000150396
0.597096	0.00014975
0.598093	0.000149031
0.599091	0.000148259
0.600089	0.000147437
0.601086	0.000146551
0.602084	0.000145605
0.603081	0.000144594
0.604079	0.000143521
0.605076	0.000142415
0.606074	0.00014131
0.607071	0.000140202
0.608068	0.000139071
0.609066	0.000137932
0.610063	0.000136799
0.611061	0.000135679
0.612058	0.000134577
0.613055	0.000133488
0.614053	0.000132405
0.61505	0.000131338
0.616047	0.00013034
0.617045	0.00012939
0.618042	0.0001285
0.619039	0.000127624
0.620036	0.000126785
0.621034	0.000126286
0.622031	0.000125285
0.623028	0.000128821
0.624025	0.000134852
0.624025	0.000134852
0.625022	0.000132375
0.62602	0.000128735
0.627017	0.000128111
0.628014	0.000127012
0.629011	0.000126666
0.630008	0.000126336
0.631005	0.000126315
0.632003	0.000126445
0.633	0.000126788
0.633997	0.00012727
0.634994	0.000127906
0.635991	0.000128664
0.636988	0.000129526
0.637985	0.000130468
0.638983	0.000131472
0.63998	0.000132518
0.640977	0.00013359
0.641974	0.00013467
0.642971	0.000135742
0.643968	0.000136788
0.644965	0.000137795
0.645962	0.000138745
0.646959	0.000139621
0.647956	0.000140409
0.648953	0.000141092
0.64995	0.000141654
0.650947	0.000142084
0.651944	0.000142385
0.652941	0.00014258
0.653937	0.000142691
0.654934	0.00014274
0.655931	0.000142742
0.656928	0.000142714
0.657925	0.00014267
0.658921	0.000142622
0.659918	0.000142585
0.660915	0.000142574
0.661911	0.000142603
0.662908	0.000142687
0.663905	0.000142839
0.664902	0.000143071
0.665898	0.000143397
0.666895	0.000143823
0.667892	0.000144351
0.668888	0.000144969
0.669885	0.000145651
0.670882	0.000146372
0.671878	0.000147123
0.672875	0.000147905
0.673872	0.000148714
0.674868	0.000149526
0.675865	0.000150302
0.676861	0.000150998
0.677858	0.000151568
0.678855	0.00015196
0.679851	0.000152122
0.680848	0.00015201
0.681844	0.000151612
0.682841	0.000150932
0.683837	0.000149949
0.684834	0.000148609
0.68583	0.000146843
0.686827	0.000144617
0.687823	0.00014184
0.68882	0.000138369
0.689816	0.000134218
0.690812	0.000129483
0.691809	0.000124111
0.692805	0.000118013
0.693801	0.000111345
0.694798	0.0001043
0.695794	9.70237e-05
0.69679	8.98817e-05
0.697787	8.33095e-05
0.698783	7.76841e-05
0.699779	7.32733e-05
0.700776	7.0237e-05
0.701772	6.87222e-05
0.702768	6.85838e-05
0.703764	6.9831e-05
0.704761	7.29014e-05
0.705757	7.81899e-05
0.706753	8.61211e-05
0.707749	9.71392e-05
0.708746	0.000111467
0.709742	0.000129134
0.710738	0.000150083
0.711734	0.000174241
0.71273	0.000201683
0.713727	0.00023231
0.714723	0.000265663
0.715719	0.000301457
0.716715	0.000339547
0.717711	0.000379733
0.718707	0.000421666
0.719703	0.000464762
0.720699	0.000508932
0.721696	0.000554252
0.722692	0.000600496
0.723688	0.000647433
0.724684	0.000694468
0.72568	0.00074155
0.726676	0.000788985
0.727672	0.000836287
0.728668	0.00088331
0.729664	0.000930187
0.73066	0.000976564
0.731656	0.00102225
0.732652	0.00106738
0.733648	0.00111186
0.734644	0.00115559
0.73564	0.00119849
0.736636	0.00124047
0.737632	0.00128159
0.738628	0.00132187
0.739624	0.00136139
0.740619	0.00140011
0.741615	0.00143783
0.742611	0.00147457
0.743607	0.00151054
0.744603	0.00154581
0.745599	0.00158041
0.746595	0.00161422
0.747591	0.00164722
0.748586	0.00167963
0.749582	0.00171153
0.750578	0.00174284
0.751574	0.00177343
0.75257	0.00180341
0.753565	0.00183297
0.754561	0.00186203
0.755557	0.00189063
0.756553	0.00191878
0.757548	0.00194642
0.758544	0.00197351
0.75954	0.00200014
0.760535	0.00202642
0.761531	0.00205234
0.762527	0.00207797
0.763523	0.0021033
0.764518	0.0021282
0.765514	0.00215271
0.76651	0.00217689
0.767505	0.00220072
0.768501	0.00222413
0.769496	0.00224715
0.770492	0.00226993
0.771488	0.00229245
0.772483	0.0023147
0.773479	0.00233675
0.774474	0.00235852
0.77547	0.00237997
0.776465	0.0024012
0.777461	0.00242218
0.778456	0.0024429
0.779452	0.00246343
0.780447	0.00248366
0.781443	0.00250357
0.782438	0.00252331
0.783434	0.00254286
0.784429	0.00256215
0.785425	0.00258107
0.78642	0.00259961
0.787416	0.00261787
0.788411	0.00263584
0.789406	0.00265352
0.790402	0.00267102
0.791397	0.00268843
0.792392	0.00270575
0.793388	0.00272302
0.794383	0.00274025
0.795379	0.00275751
0.796374	0.00277476
0.797369	0.00279187
0.798364	0.00280886
0.79936	0.0028259
0.800355	0.00284292
0.80135	0.00285987
0.802346	0.00287689
0.803341	0.00289393
0.804336	0.00291096
0.805331	0.002928
0.806327	0.00294495
0.807322	0.00296182
0.808317	0.00297865
0.809313	0.00299538
0.810308	0.00301202
0.811303	0.00302854
0.812298	0.00304494
0.813294	0.0030612
0.814289	0.00307732
0.815284	0.0030934
0.816279	0.0031094
0.817274	0.00312523
0.81827	0.00314084
0.819265	0.00315629
0.82026	0.00317163
0.821255	0.00318682
0.82225	0.00320187
0.823246	0.00321688
0.824241	0.00323175
0.825236	0.0032464
0.826231	0.00326087
0.827226	0.00327518
0.828222	0.00328931
0.829217	0.00330315
0.830212	0.0033167
0.831207	0.00333017
0.832202	0.00334352
0.833197	0.00335662
0.834192	0.0033694
0.835187	0.00338195
0.836183	0.00339432
0.837178	0.00340645
0.838173	0.00341837
0.839168	0.00343009
0.840163	0.00344156
0.841158	0.00345276
0.842153	0.00346368
0.843148	0.00347438
0.844143	0.00348485
0.845138	0.00349508
0.846133	0.00350499
0.847128	0.0035146
0.848123	0.003524
0.849118	0.00353312
0.850113	0.0035419
0.851108	0.00355031
0.852102	0.00355831
0.853097	0.0035659
0.854092	0.00357311
0.855087	0.00357983
0.856082	0.00358599
0.857077	0.00359178
0.858071	0.00359752
0.859066	0.0036033
0.860061	0.00360923
0.861056	0.0036155
0.86205	0.003622
0.863045	0.0036287
0.86404	0.00363567
0.865035	0.00364296
0.866029	0.00365053
0.867024	0.00365839
0.868019	0.00366664
0.869014	0.00367532
0.870008	0.00368448
0.871003	0.00369421
0.871998	0.00370466
0.872993	0.003716
0.873987	0.00372795
0.874982	0.00373994
0.875977	0.00375153
0.876972	0.00376253
0.877967	0.00377287
0.878962	0.00378259
0.879956	0.00379171
0.880951	0.00380011
0.881946	0.00380775
0.882941	0.00381471
0.883935	0.00382092
0.88493	0.00382634
0.885925	0.00383089
0.88692	0.00383449
0.887914	0.00383709
0.888909	0.00383848
0.889904	0.0038385
0.890898	0.00383724
0.891893	0.00383542
0.892887	0.00383381
0.893882	0.00383257
0.894876	0.00383171
0.895871	0.00383129
0.896865	0.0038313
0.89786	0.00383172
0.898854	0.00383258
0.899848	0.00383393
0.900843	0.00383574
0.901837	0.00383807
0.902832	0.00384101
0.903826	0.00384458
0.904821	0.00384882
0.905815	0.00385384
0.906809	0.00385986
0.907804	0.00386686
0.908798	0.00387436
0.909793	0.00388178
0.910787	0.00388886
0.911782	0.00389549
0.912776	0.00390174
0.91377	0.00390759
0.914765	0.00391305
0.915759	0.00391813
0.916754	0.00392281
0.917748	0.00392713
0.918743	0.00393109
0.919737	0.00393462
0.920732	0.00393769
0.921726	0.00394028
0.92272	0.00394236
0.923715	0.0039439
0.924709	0.00394486
0.925704	0.00394535
0.926698	0.00394567
0.927692	0.00394598
0.928687	0.00394628
0.929681	0.00394657
0.930675	0.00394685
0.931669	0.00394711
0.932664	0.00394736
0.933658	0.00394759
0.934652	0.00394775
0.935646	0.00394786
0.936641	0.00394796
0.937635	0.00394804
0.938629	0.00394807
0.939623	0.00394806
0.940617	0.00394802
0.941611	0.00394789
0.942605	0.00394771
0.9436	0.00394753
0.944594	0.00394735
0.945588	0.0039472
0.946582	0.00394711
0.947576	0.00394705
0.94857	0.00394702
0.949564	0.00394702
0.950558	0.00394707
0.951552	0.00394716
0.952546	0.00394728
0.95354	0.00394748
0.954534	0.00394776
0.955528	0.00394811
0.956522	0.00394856
0.957516	0.00394915
0.95851	0.00394989
0.959504	0.00395075
0.960498	0.00395165
0.961492	0.00395252
0.962486	0.0039533
0.96348	0.00395399
0.964474	0.00395467
0.965468	0.00395531
0.966462	0.00395589
0.967456	0.00395643
0.968449	0.0039569
0.969443	0.0039573
0.970437	0.00395766
0.971431	0.00395799
0.972425	0.00395827
0.973419	0.0039585
0.974413	0.00395866
0.975407	0.00395872
0.976401	0.00395875
0.977394	0.00395874
0.978388	0.00395871
0.979382	0.00395869
0.980376	0.00395873
0.98137	0.00395884
0.982364	0.003959
0.983358	0.00395917
0.984351	0.00395936
0.985345	0.00395958
0.986339	0.00395981
0.987333	0.00396008
0.988327	0.0039604
0.98932	0.00396074
0.990314	0.00396113
0.991308	0.00396161
0.992302	0.00396218
0.993295	0.00396289
0.994289	0.00396363
0.995283	0.0039643
0.996277	0.00396489
0.997271	0.0039654
0.998264	0.00396584
0.999258	0.00396623
1.00025	0.00396653
1.00125	0.00396672
1.00224	0.00396684
1.00323	0.00396687
1.00423	0.00396678
1.00522	0.00396663
1.00621	0.0039664
1.00721	0.00396606
1.0082	0.0039656
1.00919	0.00396505
1.01019	0.00396441
1.01118	0.00396365
1.01218	0.00396281
1.01317	0.0039619
1.01416	0.00396092
1.01516	0.00395987
1.01615	0.00395873
1.01714	0.00395749
1.01814	0.00395619
1.01913	0.00395482
1.02012	0.0039533
1.02112	0.00395164
1.02211	0.00394985
1.0231	0.00394791
1.0241	0.00394582
1.02509	0.00394354
1.02608	0.00394101
1.02708	0.00393818
1.02807	0.00393509
1.02906	0.00393195
1.03006	0.00392894
1.03105	0.00392612
1.03204	0.0039235
1.03304	0.00392106
1.03403	0.00391882
1.03502	0.0039168
1.03602	0.00391495
1.03701	0.00391327
1.038	0.00391187
1.039	0.00391073
1.03999	0.00390984
1.04098	0.00390923
1.04198	0.00390894
1.04297	0.00390899
1.04396	0.00390947
1.04496	0.00391038
1.04595	0.00391148
1.04694	0.00391256
1.04794	0.00391353
1.04893	0.00391434
1.04992	0.00391505
1.05092	0.00391563
1.05191	0.00391608
1.0529	0.00391649
1.0539	0.00391682
1.05489	0.00391703
1.05588	0.00391717
1.05688	0.00391721
1.05787	0.00391718
1.05886	0.00391709
1.05986	0.00391692
1.06085	0.00391668
1.06184	0.00391634
1.06284	0.00391591
1.06383	0.00391545
1.06482	0.00391489
1.06582	0.00391421
1.06681	0.00391345
1.0678	0.00391264
1.0688	0.00391175
1.06979	0.00391076
1.07078	0.00390966
1.07177	0.00390845
1.07277	0.00390714
1.07376	0.00390569
1.07475	0.00390406
1.07575	0.00390225
1.07674	0.00390023
1.07773	0.003898
1.07873	0.00389547
1.07972	0.00389269
1.08071	0.00388993
1.08171	0.00388728
1.0827	0.00388467
1.08369	0.0038821
1.08468	0.00387965
1.08568	0.00387733
1.08667	0.00387511
1.08766	0.00387302
1.08866	0.00387105
1.08965	0.00386913
1.09064	0.00386727
1.09164	0.00386555
1.09263	0.00386398
1.09362	0.00386253
1.09461	0.00386128
1.09561	0.00386023
1.0966	0.00385934
1.09759	0.00385848
1.09859	0.00385759
1.09958	0.00385671
1.10057	0.00385579
1.10156	0.00385482
1.10256	0.00385378
1.10355	0.00385271
1.10454	0.0038516
1.10554	0.00385043
1.10653	0.00384925
1.10752	0.00384804
1.10851	0.00384677
1.10951	0.00384548
1.1105	0.00384417
1.11149	0.00384281
1.11249	0.00384139
1.11348	0.00383997
1.11447	0.00383856
1.11546	0.0038371
1.11646	0.0038356
1.11745	0.00383408
1.11844	0.00383249
1.11943	0.00383084
1.12043	0.00382911
1.12142	0.0038273
1.12241	0.00382547
1.12341	0.00382357
1.1244	0.00382157
1.12539	0.00381952
1.12638	0.00381734
1.12738	0.00381503
1.12837	0.00381257
1.12936	0.00380994
1.13035	0.00380715
1.13135	0.00380428
1.13234	0.00380144
1.13333	0.0037987
1.13432	0.00379612
1.13532	0.00379375
1.13631	0.00379158
1.1373	0.00378959
1.13829	0.00378779
1.13929	0.00378618
1.14028	0.00378476
1.14127	0.00378357
1.14226	0.00378264
1.14326	0.00378195
1.14425	0.00378156
1.14524	0.00378152
1.14624	0.00378191
1.14723	0.00378279
1.14822	0.00378402
1.14921	0.00378533
1.15021	0.00378648
1.1512	0.00378738
1.15219	0.00378803
1.15318	0.00378842
1.15418	0.00378854
1.15517	0.00378843
1.15616	0.00378806
1.15715	0.00378738
1.15815	0.00378643
1.15914	0.00378517
1.16013	0.00378362
1.16112	0.00378173
1.16212	0.00377943
1.16311	0.00377664
1.1641	0.00377325
1.16509	0.00376931
1.16609	0.00376518
1.16708	0.0037611
1.16807	0.00375718
1.16906	0.0037535
1.17006	0.00375001
1.17105	0.00374667
1.17204	0.0037435
1.17303	0.00374051
1.17403	0.00373775
1.17502	0.00373519
1.17601	0.00373282
1.177	0.00373065
1.178	0.00372869
1.17899	0.00372697
1.17998	0.00372552
1.18097	0.00372439
1.18196	0.00372364
1.18296	0.0037231
1.18395	0.00372252
1.18494	0.00372181
1.18593	0.00372094
1.18693	0.00371993
1.18792	0.00371878
1.18891	0.0037175
1.1899	0.0037161
1.1909	0.00371454
1.19189	0.00371282
1.19288	0.00371092
1.19387	0.00370885
1.19486	0.00370659
1.19586	0.00370414
1.19685	0.00370147
1.19784	0.00369852
1.19883	0.00369522
1.19983	0.00369169
1.20082	0.00368812
1.20181	0.00368468
1.2028	0.00368146
1.20379	0.00367846
1.20479	0.00367567
1.20578	0.00367306
1.20677	0.00367065
1.20776	0.00366847
1.20875	0.00366651
1.20975	0.00366479
1.21074	0.00366331
1.21173	0.0036621
1.21272	0.00366119
1.21371	0.00366065
1.21471	0.00366054
1.2157	0.00366092
1.21669	0.0036618
1.21768	0.00366283
1.21868	0.00366367
1.21967	0.00366431
1.22066	0.00366474
1.22165	0.00366489
1.22165	0.00366489
1.22264	0.00366476
1.22364	0.00366439
1.22463	0.00366381
1.22562	0.00366297
1.22661	0.00366188
1.2276	0.00366051
1.2286	0.00365883
1.22959	0.00365681
1.23058	0.0036544
1.23157	0.00365157
1.23256	0.00364826
1.23356	0.00364444
1.23455	0.00364034
1.23554	0.00363619
1.23653	0.00363214
1.23752	0.00362823
1.23852	0.0036245
1.23951	0.00362093
1.2405	0.00361749
1.24149	0.00361415
1.24248	0.00361093
1.24348	0.00360779
1.24447	0.00360474
1.24546	0.00360182
1.24645	0.00359905
1.24744	0.00359643
1.24844	0.00359396
1.24943	0.00359157
1.25042	0.00358932
1.25141	0.00358726
1.2524	0.00358527
1.25339	0.0035833
1.25439	0.00358136
1.25538	0.00357938
1.25637	0.0035774
1.25736	0.00357548
1.25835	0.00357363
1.25934	0.00357181
1.26034	0.00357001
1.26133	0.00356826
1.26232	0.00356656
1.26331	0.00356495
1.2643	0.00356341
1.2653	0.00356198
1.26629	0.00356065
1.26728	0.00355946
1.26827	0.00355839
1.26926	0.00355736
1.27025	0.00355633
1.27125	0.00355526
1.27224	0.00355413
1.27323	0.00355297
1.27422	0.00355179
1.27521	0.00355061
1.2762	0.00354941
1.2772	0.00354818
1.27819	0.00354692
1.27918	0.00354566
1.28017	0.00354441
1.28116	0.00354316
1.28215	0.0035419
1.28315	0.00354062
1.28414	0.00353939
1.28513	0.00353821
1.28612	0.00353696
1.28711	0.00353565
1.28811	0.00353422
1.2891	0.00353263
1.29009	0.00353093
1.29108	0.00352912
1.29207	0.0035272
1.29306	0.00352512
1.29406	0.00352286
1.29505	0.00352044
1.29604	0.00351782
1.29703	0.00351501
1.29802	0.003512
1.29901	0.00350873
1.3	0.00350512
1.301	0.00350112
1.30199	0.00349676
1.30298	0.00349217
1.30397	0.00348757
1.30496	0.00348314
1.30595	0.00347896
1.30694	0.00347498
1.30794	0.00347118
1.30893	0.0034676
1.30992	0.00346426
1.31091	0.00346114
1.3119	0.00345823
1.31289	0.00345555
1.31388	0.00345312
1.31488	0.00345095
1.31587	0.00344909
1.31686	0.00344758
1.31785	0.00344649
1.31884	0.00344589
1.31983	0.00344568
1.32082	0.00344558
1.32182	0.00344539
1.32281	0.00344504
1.3238	0.00344453
1.32479	0.00344389
1.32578	0.00344308
1.32677	0.00344212
1.32776	0.00344104
1.32875	0.00343983
1.32975	0.0034385
1.33074	0.00343705
1.33173	0.00343545
1.33272	0.00343368
1.33371	0.00343176
1.3347	0.00342964
1.33569	0.00342732
1.33669	0.00342481
1.33768	0.00342217
1.33867	0.00341951
1.33966	0.0034169
1.34065	0.00341435
1.34164	0.0034118
1.34263	0.00340922
1.34362	0.00340664
1.34462	0.00340406
1.34561	0.00340145
1.3466	0.00339884
1.34759	0.00339624
1.34858	0.00339362
1.34957	0.00339098
1.35056	0.00338828
1.35155	0.0033855
1.35255	0.00338263
1.35354	0.00337965
1.35453	0.00337662
1.35552	0.00337367
1.35651	0.00337084
1.3575	0.00336811
1.35849	0.0033655
1.35948	0.00336299
1.36047	0.00336064
1.36147	0.00335842
1.36246	0.00335636
1.36345	0.00335444
1.36444	0.00335268
1.36543	0.00335109
1.36642	0.00334969
1.36741	0.00334854
1.3684	0.00334768
1.36939	0.00334713
1.37039	0.00334695
1.37138	0.00334705
1.37237	0.00334719
1.37336	0.00334716
1.37435	0.00334691
1.37534	0.00334646
1.37633	0.00334581
1.37732	0.00334495
1.37831	0.00334392
1.37931	0.00334269
1.3803	0.00334123
1.38129	0.00333956
1.38228	0.00333766
1.38327	0.00333551
1.38426	0.00333309
1.38525	0.00333036
1.38624	0.00332727
1.38723	0.00332377
1.38823	0.00331989
1.38922	0.00331585
1.39021	0.00331187
1.3912	0.00330798
1.39219	0.00330419
1.39318	0.00330051
1.39417	0.00329694
1.39516	0.00329344
1.39615	0.00329
1.39714	0.00328667
1.39813	0.0032834
1.39912	0.00328019
1.40012	0.00327704
1.40111	0.00327396
1.4021	0.00327097
1.40309	0.00326807
1.40408	0.00326522
1.40507	0.00326243
1.40606	0.00325972
1.40705	0.0032571
1.40804	0.00325452
1.40903	0.00325203
1.41002	0.00324965
1.41101	0.00324735
1.412	0.00324513
1.413	0.00324304
1.41399	0.00324108
1.41498	0.00323924
1.41597	0.00323756
1.41696	0.00323604
1.41795	0.00323471
1.41894	0.00323359
1.41993	0.00323274
1.42092	0.0032322
1.42191	0.00323204
1.4229	0.00323212
1.42389	0.00323219
1.42488	0.00323207
1.42587	0.00323169
1.42687	0.00323106
1.42786	0.0032302
1.42885	0.00322908
1.42984	0.00322771
1.43083	0.00322607
1.43182	0.00322418
1.43281	0.00322204
1.4338	0.00321958
1.43479	0.0032168
1.43578	0.00321367
1.43677	0.00321012
1.43776	0.00320604
1.43875	0.00320138
1.43974	0.00319623
1.44073	0.00319093
1.44173	0.00318583
1.44272	0.00318101
1.44371	0.00317645
1.4447	0.00317218
1.44569	0.0031682
1.44668	0.00316448
1.44767	0.00316105
1.44866	0.00315791
1.44965	0.00315509
1.45064	0.00315258
1.45163	0.0031504
1.45262	0.00314863
1.45361	0.00314729
1.4546	0.00314643
1.45559	0.00314617
1.45658	0.0031465
1.45757	0.0031471
1.45856	0.0031476
1.45955	0.00314787
1.46054	0.00314787
1.46153	0.00314762
1.46252	0.00314713
1.46351	0.00314637
1.4645	0.00314535
1.4655	0.00314408
1.46649	0.00314254
1.46748	0.00314074
1.46847	0.00313861
1.46946	0.00313618
1.47045	0.00313342
1.47144	0.00313029
1.47243	0.00312669
1.47342	0.00312262
1.47441	0.00311825
1.4754	0.00311379
1.47639	0.0031094
1.47738	0.00310514
1.47837	0.00310103
1.47936	0.003097
1.48035	0.00309307
1.48134	0.00308926
1.48233	0.00308555
1.48332	0.00308192
1.48431	0.00307838
1.4853	0.00307491
1.48629	0.00307149
1.48728	0.0030682
1.48827	0.003065
1.48926	0.00306189
1.49025	0.00305887
1.49124	0.00305594
1.49223	0.0030531
1.49322	0.0030503
1.49421	0.00304756
1.4952	0.00304493
1.49619	0.0030424
1.49718	0.00303994
1.49817	0.00303757
1.49916	0.0030353
1.50015	0.00303314
1.50114	0.00303112
1.50213	0.00302925
1.50312	0.00302754
1.50411	0.00302599
1.5051	0.00302468
1.50609	0.00302365
1.50708	0.00302293
1.50807	0.00302248
1.50906	0.00302208
1.51005	0.00302155
1.51104	0.00302083
1.51203	0.00301989
1.51302	0.00301877
1.51401	0.00301746
1.515	0.00301595
1.51599	0.00301424
1.51698	0.00301229
1.51797	0.00301013
1.51896	0.00300772
1.51995	0.00300509
1.52094	0.00300218
1.52193	0.00299895
1.52292	0.00299534
1.52391	0.00299129
1.5249	0.00298687
1.52589	0.00298224
1.52688	0.00297763
1.52787	0.00297316
1.52886	0.00296884
1.52985	0.00296464
1.53084	0.00296056
1.53183	0.00295661
1.53282	0.00295278
1.53381	0.00294907
1.5348	0.00294546
1.53579	0.00294197
1.53678	0.00293862
1.53776	0.00293541
1.53875	0.00293236
1.53974	0.0029295
1.54073	0.00292684
1.54172	0.00292438
1.54271	0.00292204
1.5437	0.0029197
1.54469	0.00291731
1.54568	0.00291485
1.54667	0.00291233
1.54766	0.00290973
1.54865	0.00290706
1.54964	0.00290431
1.55063	0.00290148
1.55162	0.00289858
1.55261	0.0028956
1.5536	0.00289254
1.55459	0.00288944
1.55557	0.00288627
1.55656	0.00288302
1.55755	0.00287967
1.55854	0.0028762
1.55953	0.00287268
1.56052	0.00286919
1.56151	0.00286571
1.5625	0.00286225
1.56349	0.00285881
1.56448	0.00285543
1.56547	0.00285209
1.56646	0.00284876
1.56745	0.00284545
1.56843	0.00284219
1.56942	0.00283897
1.57041	0.00283579
1.5714	0.00283269
1.57239	0.00282968
1.57338	0.00282674
1.57437	0.00282394
1.57536	0.00282124
1.57635	0.00281858
1.57734	0.00281584
1.57833	0.00281301
1.57931	0.00281006
1.5803	0.00280695
1.58129	0.00280369
1.58228	0.00280028
1.58327	0.00279673
1.58426	0.00279304
1.58525	0.00278922
1.58624	0.00278525
1.58722	0.00278114
1.58821	0.00277687
1.5892	0.00277239
1.59019	0.00276768
1.59118	0.00276276
1.59217	0.00275765
1.59316	0.00275242
1.59415	0.00274711
1.59513	0.00274175
1.59612	0.00273638
1.59711	0.00273097
1.5981	0.00272552
1.59909	0.00272003
1.60008	0.00271448
1.60106	0.00270888
1.60205	0.00270319
1.60304	0.00269745
1.60403	0.00269165
1.60502	0.00268576
1.606	0.00267977
1.60699	0.00267374
1.60798	0.00266763
1.60897	0.00266143
1.60996	0.00265517
1.61094	0.00264891
1.61193	0.00264267
1.61292	0.00263645
1.61391	0.00263023
1.61489	0.00262404
1.61588	0.00261788
1.61687	0.00261175
1.61786	0.00260568
1.61884	0.00259964
1.61983	0.00259368
1.62082	0.00258784
1.62181	0.00258215
1.62279	0.00257665
1.62378	0.00257132
1.62477	0.00256611
1.62576	0.00256086
1.62674	0.00255537
1.62773	0.00254958
1.62872	0.00254344
1.6297	0.00253697
1.63069	0.00253017
1.63168	0.00252303
1.63266	0.00251551
1.63365	0.00250762
1.63464	0.00249935
1.63562	0.00249064
1.63661	0.00248152
1.6376	0.00247189
1.63858	0.00246153
1.63957	0.00245056
1.64056	0.00243922
1.64154	0.00242808
1.64253	0.00241755
1.64351	0.00240737
1.6445	0.00239823
1.64549	0.00239011
1.64647	0.00238277
1.64746	0.00237618
1.64844	0.00237039
1.64943	0.00236526
1.65041	0.00236115
1.6514	0.00235875
1.65238	0.00235865
1.65337	0.00236163
1.65436	0.002367
1.65534	0.0023754
1.65633	0.0023844
1.65731	0.0023965
1.6583	0.00241383
1.65928	0.00243671
1.66027	0.00246621
1.66125	0.00250575
1.66224	0.00255983
1.66322	0.00263353
1.66421	0.00273875
1.6652	0.00290573
1.66618	0.00320554
1.66717	0.00368886
1.66815	0.00311437
)
