(title "Skin Friction Coefficient")
(labels "Position" "Skin Friction Coefficient")

((xy/key/label "lower")
0.00208759	0.00589522
0.00279229	0.00674964
0.00353819	0.00711327
0.0043117	0.0072787
0.00510743	0.00735511
0.00592131	0.00735113
0.00674997	0.00728555
0.00759101	0.00722872
0.00844285	0.00718235
0.00930407	0.0071116
0.0101737	0.0070443
0.0110512	0.00694708
0.011936	0.00682791
0.0128276	0.00669203
0.0137255	0.00653801
0.014629	0.00636968
0.0155376	0.00620638
0.0164505	0.00606637
0.0173674	0.00594875
0.0182877	0.00583948
0.0192111	0.00572966
0.0201375	0.005634
0.0210666	0.00554308
0.0219981	0.00545565
0.0229319	0.00538307
0.0238678	0.00532042
0.0248055	0.00526339
0.0257451	0.00520686
0.0266865	0.00514965
0.0276296	0.00509044
0.0285744	0.00503147
0.0295207	0.00497203
0.0304686	0.0049129
0.031418	0.00485539
0.0323687	0.00479688
0.0333209	0.00473832
0.0342743	0.00467917
0.035229	0.00461965
0.0361849	0.0045606
0.037142	0.00450174
0.0381002	0.00444316
0.0390595	0.00438576
0.0400197	0.00433034
0.040981	0.00427744
0.0419432	0.00422746
0.0429062	0.00418114
0.0438701	0.0041391
0.0448347	0.00410145
0.0458001	0.00406774
0.0467662	0.00403634
0.047733	0.00400543
0.0487005	0.00397414
0.0496687	0.00394217
0.0506375	0.00390934
0.0516071	0.00387546
0.0525772	0.00384041
0.053548	0.00380443
0.0545194	0.00376827
0.0554915	0.0037326
0.056464	0.00369782
0.0574372	0.00366423
0.0584108	0.00363207
0.059385	0.00360162
0.0603597	0.00357326
0.0613349	0.00354681
0.0623105	0.00352129
0.0632866	0.00349569
0.0642632	0.00346952
0.0652402	0.00344249
0.0662177	0.00341437
0.0671956	0.00338483
0.0681739	0.00335358
0.0691527	0.00332069
0.0701319	0.00328712
0.0711115	0.00325424
0.0720914	0.00322304
0.0730718	0.00319406
0.0740524	0.00316773
0.0750334	0.00314451
0.0760147	0.00312496
0.0769963	0.00310925
0.0779782	0.00309639
0.0789604	0.00308443
0.0799428	0.00307178
0.0809256	0.00305759
0.0819086	0.00304127
0.082892	0.0030223
0.0838756	0.00300019
0.0848596	0.00297445
0.0858438	0.00294558
0.0868284	0.0029155
0.0878133	0.00288612
0.0887984	0.00285859
0.0897837	0.00283362
0.0907693	0.00281183
0.0917551	0.00279383
0.0927412	0.00278023
0.0937274	0.00277092
0.0947137	0.00276433
0.0957003	0.00275829
0.0966871	0.00275131
0.097674	0.00274251
0.0986612	0.00273121
0.0996487	0.00271684
0.100636	0.00269883
0.101624	0.00267692
0.102612	0.00265195
0.103601	0.00262571
0.104589	0.00259973
0.105578	0.00257484
0.106567	0.00255161
0.107556	0.00253048
0.108545	0.00251186
0.109535	0.00249609
0.110524	0.00248303
0.111514	0.00247186
0.112504	0.00246163
0.113494	0.00245175
0.114484	0.0024419
0.115474	0.00243185
0.116465	0.00242144
0.117455	0.00241057
0.118446	0.00239915
0.119437	0.00238706
0.120428	0.00237419
0.121419	0.00236044
0.12241	0.00234571
0.123402	0.00232985
0.124394	0.00231271
0.125385	0.0022941
0.126377	0.0022739
0.127369	0.00225254
0.128361	0.00223104
0.129354	0.00221042
0.130346	0.00219135
0.131339	0.00217435
0.132331	0.00215983
0.133324	0.00214821
0.134317	0.00213993
0.13531	0.00213493
0.136303	0.00213216
0.137296	0.00212999
0.138289	0.0021272
0.139282	0.00212298
0.140275	0.00211671
0.141269	0.00210785
0.142262	0.00209585
0.143256	0.00208038
0.14425	0.00206201
0.145244	0.00204231
0.146238	0.00202281
0.147232	0.0020045
0.148226	0.00198806
0.14922	0.00197405
0.150214	0.00196301
0.151209	0.00195544
0.152203	0.00195131
0.153198	0.0019496
0.154192	0.00194885
0.155187	0.00194793
0.156181	0.00194613
0.157176	0.00194286
0.158171	0.00193764
0.159166	0.00193003
0.160161	0.00191975
0.161156	0.00190716
0.162151	0.00189334
0.163146	0.00187936
0.164141	0.00186593
0.165137	0.00185353
0.166132	0.00184261
0.167128	0.00183356
0.168123	0.00182672
0.169119	0.00182204
0.170114	0.00181878
0.17111	0.00181582
0.172105	0.00181227
0.173101	0.00180755
0.174097	0.00180118
0.175093	0.0017927
0.176089	0.00178171
0.177085	0.00176793
0.178081	0.00175183
0.179077	0.00173442
0.180073	0.00171689
0.18107	0.00170006
0.182066	0.00168428
0.183062	0.00167004
0.184059	0.00165775
0.185055	0.00164772
0.186052	0.00163992
0.187048	0.00163439
0.188045	0.00163006
0.189041	0.00162654
0.190038	0.00162393
0.191035	0.00162162
0.192031	0.00161971
0.193028	0.001618
0.194025	0.00161645
0.195022	0.00161487
0.196018	0.001613
0.197015	0.00161055
0.198012	0.00160731
0.199009	0.00160307
0.200006	0.00159767
0.201003	0.00159098
0.202	0.00158273
0.202997	0.00157322
0.203994	0.00156208
0.204992	0.00155062
0.205989	0.001539
0.206986	0.00152692
0.207983	0.00151535
0.208981	0.00150398
0.209978	0.00149311
0.210976	0.00148278
0.211973	0.0014731
0.212971	0.00146414
0.213968	0.00145595
0.214966	0.0014486
0.215963	0.00144217
0.216961	0.00143672
0.217958	0.00143234
0.218956	0.00142914
0.219953	0.0014271
0.220951	0.00142597
0.221949	0.00142524
0.222946	0.00142459
0.223944	0.00142361
0.224942	0.00142205
0.22594	0.00141987
0.226937	0.00141667
0.227935	0.00141248
0.228933	0.0014072
0.229931	0.00140094
0.230929	0.00139405
0.231927	0.00138663
0.232925	0.00137879
0.233923	0.00137061
0.234921	0.00136216
0.235919	0.00135347
0.236917	0.00134456
0.237915	0.00133549
0.237915	0.00133549
0.238913	0.00132637
0.239911	0.00131726
0.240909	0.0013082
0.241907	0.00129923
0.242905	0.00129038
0.243903	0.00128166
0.244902	0.00127309
0.2459	0.00126476
0.246898	0.00125687
0.247896	0.0012497
0.248895	0.00124348
0.249893	0.0012384
0.250891	0.00123464
0.251889	0.00123237
0.252888	0.00123178
0.253886	0.00123297
0.254884	0.00123564
0.255883	0.00123895
0.256881	0.00124203
0.257879	0.00124424
0.258878	0.00124507
0.259876	0.00124403
0.260874	0.00124072
0.261873	0.00123473
0.262871	0.001226
0.26387	0.00121518
0.264868	0.00120338
0.265867	0.00119152
0.266865	0.00118025
0.267864	0.00117009
0.268862	0.00116149
0.269861	0.00115486
0.270859	0.00115053
0.271858	0.00114839
0.272856	0.00114778
0.273855	0.00114786
0.274853	0.001148
0.275852	0.00114777
0.27685	0.00114677
0.277849	0.00114466
0.278848	0.00114114
0.279846	0.00113603
0.280845	0.00112958
0.281843	0.00112241
0.282842	0.00111511
0.283841	0.00110807
0.284839	0.00110161
0.285838	0.00109599
0.286837	0.00109146
0.287835	0.00108824
0.288834	0.00108632
0.289833	0.00108533
0.290831	0.0010847
0.29183	0.00108399
0.292829	0.00108289
0.293828	0.00108111
0.294826	0.00107841
0.295825	0.00107458
0.296824	0.00106945
0.297822	0.00106313
0.298821	0.00105605
0.29982	0.00104863
0.300819	0.00104118
0.301818	0.00103393
0.302816	0.00102707
0.303815	0.00102078
0.304814	0.00101522
0.305813	0.00101045
0.306812	0.00100639
0.30781	0.00100285
0.308809	0.00099966
0.309808	0.000996702
0.310807	0.000993898
0.311806	0.000991187
0.312804	0.000988516
0.313803	0.000985834
0.314802	0.000983082
0.315801	0.000980197
0.3168	0.000977124
0.317799	0.00097382
0.318797	0.000970236
0.319796	0.000966321
0.320795	0.000962027
0.321794	0.0009573
0.322793	0.000952143
0.323792	0.000946728
0.324791	0.000941383
0.32579	0.00093643
0.326788	0.000932106
0.327787	0.000928616
0.328786	0.00092615
0.329785	0.000924883
0.330784	0.000924981
0.331783	0.000926406
0.332782	0.000928717
0.333781	0.000931255
0.334779	0.000933455
0.335778	0.000934877
0.336777	0.000935144
0.337776	0.000933916
0.338775	0.000930879
0.339774	0.000925807
0.340773	0.000918843
0.341772	0.000910608
0.342771	0.000901809
0.34377	0.000892965
0.344769	0.000884465
0.345767	0.000876629
0.346766	0.000869748
0.347765	0.000864081
0.348764	0.000859775
0.349763	0.000856733
0.350762	0.000854672
0.351761	0.000853329
0.35276	0.000852525
0.353759	0.000852131
0.354758	0.000852046
0.355757	0.000852184
0.356756	0.000852468
0.357755	0.000852818
0.358754	0.000853153
0.359753	0.000853398
0.360752	0.000853475
0.36175	0.000853314
0.362749	0.000852861
0.363748	0.000852054
0.364747	0.000850836
0.365746	0.000849171
0.366745	0.000847022
0.367744	0.000844368
0.368743	0.000841197
0.369742	0.000837488
0.370741	0.000833206
0.37174	0.000828321
0.372739	0.000822798
0.373738	0.000816604
0.374737	0.0008098
0.375736	0.000802671
0.376735	0.00079565
0.377734	0.000789117
0.378733	0.000783364
0.379732	0.000778645
0.380731	0.000775199
0.381729	0.000773255
0.382728	0.000772994
0.383727	0.000774333
0.384726	0.000776783
0.385725	0.00077972
0.386724	0.000782645
0.387723	0.000785166
0.388722	0.000786933
0.389721	0.00078762
0.39072	0.000786935
0.391719	0.000784698
0.392718	0.000781068
0.393717	0.000776534
0.394716	0.000771595
0.395715	0.000766623
0.396714	0.000761912
0.397713	0.000757718
0.398712	0.000754269
0.399711	0.000751762
0.40071	0.000750236
0.401709	0.000749441
0.402707	0.000748944
0.403706	0.000748352
0.404705	0.000747368
0.405704	0.000745747
0.406703	0.000743267
0.407702	0.000739718
0.408701	0.000734948
0.4097	0.000729048
0.410699	0.000722451
0.411698	0.000715676
0.412697	0.000709126
0.413696	0.000703116
0.414695	0.000697911
0.415694	0.000693755
0.416693	0.000690871
0.417692	0.000689379
0.418691	0.000689118
0.41969	0.000689664
0.420689	0.000690595
0.421687	0.00069159
0.422686	0.000692379
0.423685	0.00069273
0.424684	0.000692434
0.425683	0.000691306
0.426682	0.000689307
0.427681	0.000686682
0.42868	0.000683827
0.429679	0.000681087
0.430678	0.000678727
0.431677	0.000676972
0.432676	0.000676026
0.433675	0.00067608
0.434674	0.00067727
0.435673	0.000679496
0.436672	0.000682328
0.43767	0.000685243
0.438669	0.000687828
0.439668	0.000689743
0.440667	0.000690683
0.441666	0.00069036
0.442665	0.00068851
0.443664	0.000685023
0.444663	0.000680178
0.445662	0.000674591
0.446661	0.000668855
0.44766	0.000663408
0.448659	0.000658614
0.449658	0.000654796
0.450657	0.00065225
0.451655	0.000651238
0.452654	0.000651773
0.453653	0.000653422
0.454652	0.000655523
0.455651	0.000657507
0.45665	0.000658926
0.457649	0.000659394
0.458648	0.000658564
0.459647	0.000656111
0.460646	0.000651806
0.461645	0.000645822
0.462644	0.000638851
0.463642	0.000631675
0.464641	0.000624883
0.46564	0.000618948
0.466639	0.000614281
0.467638	0.000611251
0.468637	0.000610206
0.469636	0.000611308
0.470635	0.000614238
0.471634	0.000618257
0.472633	0.00062264
0.473632	0.00062683
0.47463	0.000630364
0.475629	0.000632816
0.476628	0.000633781
0.477627	0.000632907
0.478626	0.000630124
0.479625	0.000625846
0.480624	0.000620715
0.481623	0.000615269
0.482622	0.000609907
0.48362	0.000604963
0.484619	0.000600724
0.485618	0.000597458
0.486617	0.000595368
0.487616	0.000594419
0.488615	0.000594283
0.489614	0.000594573
0.490613	0.000595004
0.491612	0.000595348
0.49261	0.000595406
0.493609	0.000594996
0.494608	0.000593948
0.495607	0.000592173
0.496606	0.00058976
0.497605	0.000586948
0.498604	0.000583966
0.499603	0.000580979
0.500601	0.00057812
0.5016	0.000575505
0.502599	0.000573244
0.503598	0.000571431
0.504597	0.000570108
0.505596	0.000569235
0.506595	0.000568723
0.507594	0.000568506
0.508592	0.000568544
0.509591	0.000568808
0.51059	0.000569274
0.511589	0.00056991
0.512588	0.000570691
0.513587	0.000571579
0.514586	0.000572497
0.515585	0.00057336
0.516584	0.000574102
0.517582	0.000574667
0.518581	0.000575
0.51958	0.000575046
0.520579	0.000574758
0.521578	0.000574103
0.522577	0.000573088
0.523576	0.000571757
0.524574	0.000570145
0.525573	0.000568277
0.526572	0.000566168
0.527571	0.000563826
0.52857	0.000561262
0.529569	0.000558486
0.530568	0.000555533
0.531566	0.000552478
0.532565	0.000549416
0.533564	0.00054643
0.534563	0.000543592
0.535562	0.000540958
0.536561	0.000538584
0.537559	0.000536518
0.538558	0.000534798
0.539557	0.000533431
0.540556	0.00053238
0.541555	0.000531604
0.542554	0.000531068
0.543553	0.000530742
0.544551	0.000530611
0.54555	0.000530665
0.546549	0.000530894
0.547548	0.000531279
0.548547	0.000531744
0.549546	0.000532171
0.550544	0.000532458
0.551543	0.00053252
0.552542	0.000532281
0.553541	0.000531671
0.55454	0.000530616
0.555539	0.000529055
0.556538	0.000526997
0.557536	0.00052457
0.558535	0.000521949
0.559534	0.000519283
0.560533	0.000516689
0.561532	0.000514266
0.56253	0.000512102
0.563529	0.000510282
0.564528	0.000508865
0.565527	0.000507846
0.566526	0.000507139
0.567525	0.000506638
0.568523	0.000506267
0.569522	0.000505958
0.570521	0.000505662
0.57152	0.000505333
0.572519	0.000504924
0.573518	0.000504416
0.574516	0.000503837
0.575515	0.000503255
0.576514	0.000502741
0.577513	0.00050236
0.578512	0.000502153
0.57951	0.000502147
0.580509	0.00050239
0.581508	0.000502922
0.582507	0.000503683
0.582507	0.000503683
0.583506	0.000504541
0.584505	0.000505442
0.585503	0.000506279
0.586502	0.000506826
0.587501	0.000506967
0.5885	0.000506638
0.589499	0.000505738
0.590498	0.000504206
0.591496	0.000502103
0.592495	0.000499633
0.593494	0.000497023
0.594493	0.000494453
0.595492	0.000492066
0.59649	0.000489994
0.597489	0.000488359
0.598488	0.000487268
0.599487	0.000486767
0.600486	0.000486738
0.601484	0.000486931
0.602483	0.000487107
0.603482	0.000487082
0.604481	0.000486698
0.60548	0.000485811
0.606479	0.000484283
0.607477	0.000481999
0.608476	0.000478979
0.609475	0.000475463
0.610474	0.000471795
0.611472	0.000468262
0.612471	0.000465094
0.61347	0.000462489
0.614469	0.000460626
0.615468	0.000459676
0.616466	0.000459757
0.617465	0.000460802
0.618464	0.000462518
0.619463	0.000464551
0.620462	0.000466625
0.62146	0.00046851
0.622459	0.000469996
0.623458	0.000470886
0.624457	0.00047101
0.625456	0.000470271
0.626454	0.000468768
0.627453	0.000466762
0.628452	0.00046451
0.629451	0.000462206
0.63045	0.00046001
0.631448	0.000458061
0.632447	0.000456488
0.633446	0.000455402
0.634445	0.000454818
0.635444	0.000454594
0.636442	0.000454506
0.637441	0.000454359
0.63844	0.000454
0.639439	0.000453302
0.640437	0.000452145
0.641436	0.000450413
0.642435	0.000448029
0.643434	0.000445065
0.644433	0.000441773
0.645431	0.000438446
0.64643	0.000435311
0.647429	0.000432549
0.648428	0.000430321
0.649426	0.000428784
0.650425	0.000428078
0.651424	0.000428272
0.652423	0.000429238
0.653421	0.000430679
0.65442	0.000432304
0.655419	0.00043388
0.656418	0.000435211
0.657417	0.000436122
0.658415	0.000436442
0.659414	0.00043602
0.660413	0.000434816
0.661412	0.000432969
0.662411	0.00043072
0.663409	0.000428267
0.664408	0.000425759
0.665407	0.000423323
0.666406	0.000421071
0.667404	0.000419106
0.668403	0.000417512
0.669402	0.000416298
0.670401	0.000415384
0.671399	0.000414662
0.672398	0.00041405
0.673397	0.000413492
0.674396	0.000412937
0.675394	0.000412341
0.676393	0.000411659
0.677392	0.000410862
0.678391	0.000409974
0.67939	0.000409053
0.680388	0.000408157
0.681387	0.000407329
0.682386	0.000406601
0.683385	0.000406012
0.684383	0.00040559
0.685382	0.000405361
0.686381	0.000405319
0.68738	0.00040539
0.688378	0.000405461
0.689377	0.000405434
0.690376	0.000405231
0.691375	0.000404779
0.692374	0.000404008
0.693372	0.000402858
0.694371	0.000401284
0.69537	0.000399307
0.696369	0.000397033
0.697367	0.000394578
0.698366	0.000392041
0.699365	0.000389504
0.700364	0.000387037
0.701362	0.000384702
0.702361	0.000382555
0.70336	0.000380631
0.704358	0.000378924
0.705357	0.000377393
0.706356	0.000375997
0.707355	0.000374702
0.708353	0.000373483
0.709352	0.000372322
0.710351	0.000371204
0.71135	0.000370107
0.712348	0.000369022
0.713347	0.00036795
0.714346	0.000366907
0.715345	0.000365891
0.716343	0.000364862
0.717342	0.000363965
0.718341	0.000362138
0.718341	0.000362138
0.71934	0.000359982
0.720338	0.000359669
0.721337	0.000359554
0.722336	0.000358788
0.723335	0.000358129
0.724333	0.000357352
0.725332	0.000356558
0.726331	0.000355709
0.72733	0.00035482
0.728328	0.000353879
0.729327	0.00035289
0.730326	0.000351868
0.731325	0.000350849
0.732323	0.000349865
0.733322	0.000348945
0.734321	0.000348112
0.735319	0.000347388
0.736318	0.000346794
0.737317	0.000346349
0.738316	0.000346043
0.739314	0.000345812
0.740313	0.000345563
0.741312	0.00034521
0.742311	0.000344683
0.743309	0.000343921
0.744308	0.000342866
0.745307	0.000341463
0.746306	0.000339672
0.747304	0.000337509
0.748303	0.000335065
0.749302	0.000332454
0.750301	0.000329766
0.751299	0.000327074
0.752298	0.000324441
0.753297	0.000321925
0.754295	0.000319577
0.755294	0.000317435
0.756293	0.000315503
0.757292	0.000313751
0.75829	0.000312151
0.759289	0.000310682
0.760288	0.000309331
0.761286	0.000308087
0.762285	0.00030694
0.763284	0.000305883
0.764283	0.00030489
0.765281	0.000303901
0.76628	0.000302834
0.767279	0.000301614
0.768278	0.000300181
0.769276	0.000298476
0.770275	0.000296448
0.771274	0.000294048
0.772272	0.000291243
0.773271	0.000288079
0.77427	0.000284703
0.775268	0.000281296
0.776267	0.000278002
0.777266	0.000274939
0.778265	0.000272213
0.779263	0.000269918
0.780262	0.000268145
0.781261	0.000266942
0.782259	0.000266241
0.783258	0.000265864
0.784257	0.000265625
0.785256	0.000265377
0.786254	0.000264994
0.787253	0.000264361
0.788252	0.000263372
0.78925	0.000261932
0.790249	0.000260002
0.791248	0.000257648
0.792247	0.000255003
0.793245	0.000252184
0.794244	0.000249281
0.795243	0.000246371
0.796241	0.000243519
0.79724	0.000240788
0.798239	0.000238226
0.799237	0.000235851
0.800236	0.000233651
0.801235	0.000231592
0.802233	0.000229643
0.803232	0.000227783
0.804231	0.000225999
0.80523	0.000224284
0.806228	0.00022263
0.807227	0.000221017
0.808226	0.000219407
0.809224	0.000217746
0.810223	0.000215983
0.811222	0.000214074
0.81222	0.000211972
0.813219	0.000209639
0.814218	0.000207036
0.815216	0.000204126
0.816215	0.00020092
0.817214	0.000197509
0.818213	0.000194031
0.819211	0.000190612
0.82021	0.000187349
0.821208	0.000184325
0.822207	0.000181617
0.823206	0.000179294
0.824205	0.000177406
0.825203	0.000175936
0.826202	0.000174742
0.827201	0.000173631
0.828199	0.000172448
0.829198	0.000171057
0.830197	0.000169351
0.831195	0.000167239
0.832194	0.000164609
0.833193	0.000161398
0.834191	0.000157685
0.83519	0.000153641
0.836189	0.000149441
0.837187	0.000145229
0.838186	0.000141123
0.839185	0.000137228
0.840183	0.000133635
0.841182	0.000130423
0.84218	0.000127627
0.843179	0.000125182
0.844178	0.000122969
0.845176	0.000120876
0.846175	0.000118812
0.847174	0.000116704
0.848172	0.000114478
0.849171	0.000112062
0.85017	0.000109409
0.851169	0.00010652
0.852167	0.000103441
0.853166	0.000100242
0.854164	9.69857e-05
0.855163	9.37342e-05
0.856162	9.05203e-05
0.85716	8.73763e-05
0.858159	8.43378e-05
0.859158	8.14238e-05
0.860156	7.86268e-05
0.861155	7.58913e-05
0.862154	7.31828e-05
0.863152	7.04944e-05
0.864151	6.77882e-05
0.865149	6.50249e-05
0.866148	6.21882e-05
0.867147	5.92695e-05
0.868145	5.6262e-05
0.869144	5.31795e-05
0.870143	5.00568e-05
0.871141	4.69372e-05
0.87214	4.38522e-05
0.873138	4.08175e-05
0.874137	3.78486e-05
0.875136	3.49697e-05
0.876134	3.22014e-05
0.877133	2.95238e-05
0.878131	2.6909e-05
0.87913	2.43279e-05
0.880129	2.17624e-05
0.881127	1.91971e-05
0.882126	1.65848e-05
0.883124	1.39041e-05
0.884123	1.11486e-05
0.885122	8.31447e-06
0.88612	5.4344e-06
0.887119	2.53205e-06
0.888117	1.44723e-06
0.889116	3.25593e-06
0.890114	6.09984e-06
0.891113	8.87105e-06
0.892111	1.15624e-05
0.89311	1.41677e-05
0.894109	1.66743e-05
0.895107	1.90834e-05
0.896106	2.14019e-05
0.897104	2.36435e-05
0.898103	2.58369e-05
0.899101	2.79855e-05
0.9001	3.00684e-05
0.901098	3.20764e-05
0.902097	3.40257e-05
0.903095	3.59332e-05
0.904094	3.78076e-05
0.905092	3.96558e-05
0.906091	4.14542e-05
0.90709	4.32254e-05
0.908088	4.49499e-05
0.909087	4.66072e-05
0.910085	4.82225e-05
0.911083	4.97962e-05
0.912082	5.12971e-05
0.91308	5.27266e-05
0.914079	5.4319e-05
0.915077	5.60209e-05
0.916076	5.74968e-05
0.917074	5.8762e-05
0.918073	5.99706e-05
0.919071	6.11993e-05
0.920069	6.24016e-05
0.921068	6.35255e-05
0.922066	6.46334e-05
0.923065	6.57003e-05
0.924063	6.66921e-05
0.925061	6.76446e-05
0.92606	6.85406e-05
0.927058	6.93877e-05
0.928056	7.02087e-05
0.929055	7.09821e-05
0.930053	7.17406e-05
0.931051	7.2439e-05
0.93205	7.31208e-05
0.933048	7.37824e-05
0.934046	7.43428e-05
0.935044	7.51508e-05
0.936043	7.52731e-05
0.937041	7.73206e-05
0.938039	7.53705e-05
0.939037	8.24605e-05
0.940035	7.77826e-05
0.941033	9.56232e-05
0.942031	9.36434e-05
0.943029	0.000279095
0.944028	0.000263103
0.945026	0.00117173
)
