(title "Skin Friction Coefficient")
(labels "Position" "Skin Friction Coefficient")

((xy/key/label "upper")
0.0218389	0.112119
0.0221814	0.0212462
0.0226884	0.0111704
0.0232938	0.0511499
0.0239609	0.0780845
0.0246789	0.0631293
0.025436	0.0397216
0.0262184	0.0170258
0.0270229	0.00917645
0.0278494	0.0175583
0.0286946	0.0250203
0.0295544	0.0266605
0.0304256	0.0249558
0.0313068	0.0214516
0.0321973	0.0177828
0.0330963	0.0141658
0.034003	0.0110218
0.0349166	0.00838833
0.0358364	0.00620204
0.0367618	0.00441606
0.0376921	0.00305883
0.0386269	0.00200718
0.0395658	0.00116522
0.0405084	0.000450657
0.0414544	0.000261234
0.0424034	0.000649818
0.0433553	0.00113319
0.0443099	0.00158164
0.0452669	0.00197058
0.0462263	0.00232654
0.0471879	0.00264112
0.0481517	0.00291017
0.0491175	0.00314411
0.0500852	0.00334201
0.0510547	0.00350876
0.0520258	0.00365297
0.0529985	0.00378941
0.0539726	0.00392476
0.0549479	0.00405039
0.0559245	0.00416607
0.0569022	0.00427785
0.0578809	0.00438922
0.0588606	0.00449678
0.0598412	0.00459355
0.0608228	0.0046785
0.0618053	0.00474876
0.0627887	0.00480116
0.0637729	0.00483825
0.064758	0.00486562
0.0657438	0.00488622
0.0667304	0.004903
0.0677177	0.00491641
0.0687056	0.00492848
0.0696941	0.00494249
0.0706831	0.00495753
0.0716727	0.00497791
0.0726627	0.00500579
0.0736532	0.00503735
0.0746441	0.00506878
0.0756355	0.00509791
0.0766273	0.00512444
0.0776194	0.00514803
0.078612	0.0051678
0.0796049	0.00518266
0.0805982	0.00519231
0.0815918	0.00519913
0.0825858	0.00520478
0.08358	0.00520824
0.0845746	0.00520915
0.0855695	0.00520848
0.0865646	0.00520671
0.08756	0.00520351
0.0885557	0.00519815
0.0895515	0.00519119
0.0905477	0.00518439
0.091544	0.00517852
0.0925405	0.00517249
0.0935372	0.00516592
0.0945341	0.00516032
0.0955312	0.0051566
0.0965284	0.00515476
0.0975258	0.00515502
0.0985233	0.00515718
0.099521	0.00515907
0.100519	0.00515878
0.101517	0.0051563
0.102515	0.00515139
0.103513	0.00514396
0.104511	0.00513376
0.105509	0.00512005
0.106508	0.00510337
0.107506	0.00508524
0.108505	0.00506767
0.109504	0.00505197
0.110503	0.00503823
0.111502	0.00502668
0.1125	0.00501751
0.113499	0.00501125
0.114498	0.00500865
0.115498	0.0050087
0.116497	0.00500945
0.117496	0.00500948
0.118495	0.005008
0.119494	0.00500489
0.120494	0.00500008
0.121493	0.00499341
0.122492	0.00498473
0.123492	0.00497408
0.124491	0.00496221
0.12549	0.00494973
0.12649	0.00493676
0.127489	0.00492359
0.128489	0.00491024
0.129488	0.00489671
0.130487	0.00488331
0.131487	0.00486987
0.132486	0.00485615
0.133486	0.00484243
0.134485	0.00482904
0.135484	0.00481584
0.136484	0.00480277
0.137483	0.0047901
0.138482	0.00477786
0.139482	0.00476587
0.140481	0.0047541
0.14148	0.00474267
0.14248	0.00473193
0.143479	0.00472208
0.144478	0.00471304
0.145477	0.00470496
0.146476	0.00469805
0.147475	0.00469234
0.148474	0.00468812
0.149473	0.00468571
0.150472	0.00468469
0.151471	0.00468388
0.15247	0.00468243
0.153469	0.00468022
0.154468	0.00467712
0.155467	0.00467295
0.156466	0.00466768
0.157464	0.00466117
0.158463	0.00465338
0.159462	0.0046446
0.16046	0.00463497
0.161459	0.0046246
0.162457	0.00461353
0.163455	0.00460163
0.164454	0.00458885
0.165452	0.00457511
0.16645	0.00455998
0.167448	0.00454345
0.168446	0.00452642
0.169444	0.00451008
0.170442	0.00449523
0.17144	0.00448215
0.172438	0.00447097
0.173435	0.00446183
0.174433	0.00445505
0.17543	0.0044511
0.176428	0.00444983
0.177425	0.0044499
0.178423	0.00444969
0.17942	0.00444827
0.180417	0.00444544
0.181414	0.00444111
0.182412	0.00443497
0.183408	0.00442672
0.184405	0.00441612
0.185402	0.00440341
0.186399	0.00438965
0.187396	0.004376
0.188392	0.00436295
0.189389	0.00435056
0.190385	0.00433894
0.191381	0.00432823
0.192377	0.00431848
0.193374	0.00430983
0.19437	0.00430222
0.195366	0.00429524
0.196361	0.0042884
0.197357	0.00428147
0.198353	0.00427448
0.199348	0.00426752
0.200344	0.00426055
0.201339	0.00425351
0.202335	0.0042464
0.20333	0.00423929
0.204325	0.00423209
0.20532	0.00422458
0.206315	0.00421658
0.20731	0.00420809
0.208305	0.00419918
0.209299	0.00418968
0.210294	0.00417942
0.211288	0.00416837
0.212283	0.0041568
0.213277	0.00414528
0.214271	0.00413411
0.215265	0.00412332
0.216259	0.00411307
0.217253	0.00410343
0.218247	0.00409441
0.21924	0.00408612
0.220234	0.00407864
0.221227	0.00407185
0.22222	0.00406533
0.223214	0.00405878
0.224207	0.00405211
0.2252	0.00404539
0.226193	0.00403867
0.227186	0.00403191
0.228178	0.00402518
0.229171	0.00401834
0.230163	0.00401125
0.231156	0.00400395
0.232148	0.00399632
0.23314	0.00398836
0.234132	0.0039801
0.235124	0.00397139
0.236116	0.00396212
0.237108	0.00395234
0.2381	0.00394207
0.239091	0.00393146
0.240083	0.00392104
0.241074	0.00391117
0.242065	0.00390199
0.243056	0.00389361
0.244047	0.00388611
0.245038	0.00387966
0.246029	0.00387438
0.24702	0.00387024
0.24801	0.00386681
0.249001	0.00386325
0.249991	0.00385897
0.250982	0.00385378
0.251972	0.00384741
0.252962	0.00383975
0.253952	0.00383079
0.254942	0.00382035
0.255932	0.00380839
0.256921	0.00379542
0.257911	0.00378233
0.2589	0.00376972
0.259889	0.00375782
0.260878	0.00374667
0.261867	0.00373629
0.262856	0.0037268
0.263845	0.00371833
0.264833	0.00371081
0.265822	0.00370395
0.26681	0.00369738
0.267799	0.00369082
0.268787	0.00368417
0.269775	0.00367735
0.270763	0.00367036
0.271751	0.00366326
0.272738	0.00365606
0.273726	0.00364875
0.274714	0.00364132
0.275701	0.00363376
0.276688	0.00362604
0.277676	0.00361823
0.278663	0.00361035
0.27965	0.00360234
0.280636	0.00359418
0.281623	0.00358592
0.28261	0.00357751
0.283596	0.00356897
0.284582	0.00356028
0.285569	0.00355141
0.286555	0.00354234
0.287541	0.003533
0.288527	0.00352339
0.289512	0.00351344
0.290498	0.00350309
0.291483	0.00349236
0.292469	0.00348143
0.293454	0.00347056
0.294439	0.00345991
0.295424	0.00344948
0.296409	0.00343933
0.297394	0.00342947
0.298378	0.00341987
0.299363	0.0034105
0.300347	0.00340143
0.301331	0.0033928
0.302316	0.00338481
0.3033	0.00337765
0.304284	0.00337141
0.305268	0.00336617
0.306251	0.0033621
0.307235	0.0033594
0.308219	0.00335832
0.309202	0.00335879
0.310186	0.00335988
0.311169	0.0033604
0.312153	0.00335968
0.313136	0.00335744
0.314119	0.00335351
0.315102	0.00334777
0.316085	0.00333989
0.317068	0.00333013
0.31805	0.00331782
0.319033	0.00330617
0.320015	0.00328833
0.320015	0.00328833
0.320997	0.00326221
0.321979	0.00325413
0.322961	0.00325125
0.323943	0.00323846
0.324924	0.00322904
0.325906	0.00322114
0.326887	0.00321457
0.327868	0.00320896
0.32885	0.00320345
0.329831	0.00319763
0.330812	0.00319128
0.331793	0.00318428
0.332773	0.00317654
0.333754	0.00316795
0.334734	0.00315835
0.335715	0.00314781
0.336695	0.00313686
0.337675	0.00312617
0.338655	0.00311614
0.339635	0.00310695
0.340615	0.00309875
0.341594	0.00309162
0.342574	0.0030857
0.343553	0.00308122
0.344533	0.00307814
0.345512	0.00307578
0.346491	0.00307327
0.34747	0.00307014
0.348449	0.00306615
0.349428	0.00306117
0.350407	0.0030551
0.351386	0.00304781
0.352364	0.00303907
0.353342	0.00302894
0.354321	0.00301802
0.355299	0.00300704
0.356277	0.00299647
0.357255	0.00298648
0.358232	0.00297712
0.35921	0.00296848
0.360187	0.00296062
0.361165	0.00295363
0.362142	0.00294748
0.363119	0.00294199
0.364096	0.00293686
0.365073	0.00293191
0.36605	0.00292709
0.367027	0.00292242
0.368004	0.00291795
0.368981	0.00291372
0.369957	0.0029098
0.370934	0.00290615
0.37191	0.00290249
0.372886	0.00289834
0.373862	0.00289338
0.374838	0.00288744
0.375814	0.00288039
0.37679	0.00287215
0.377766	0.00286253
0.378741	0.00285123
0.379716	0.00283828
0.380692	0.00282453
0.381667	0.00281116
0.382641	0.00279891
0.383616	0.00278811
0.384591	0.002779
0.385565	0.00277174
0.38654	0.00276659
0.387514	0.00276389
0.388489	0.00276366
0.389463	0.00276494
0.390437	0.00276624
0.391411	0.00276658
0.392386	0.00276559
0.39336	0.00276304
0.394333	0.0027587
0.395307	0.00275238
0.396281	0.0027438
0.397254	0.0027329
0.398227	0.0027204
0.399201	0.00270752
0.400174	0.00269505
0.401146	0.00268331
0.402119	0.00267246
0.403091	0.00266263
0.404064	0.00265395
0.405036	0.00264656
0.406008	0.00264047
0.406981	0.0026353
0.407953	0.00263038
0.408924	0.0026252
0.409896	0.00261956
0.410868	0.00261333
0.41184	0.00260642
0.412811	0.0025987
0.413782	0.00259002
0.414753	0.00258038
0.415725	0.00257019
0.416695	0.0025602
0.417666	0.00255096
0.418637	0.00254267
0.419608	0.00253552
0.420578	0.00252968
0.421549	0.00252536
0.422519	0.00252283
0.423489	0.00252217
0.42446	0.00252264
0.42543	0.00252292
0.4264	0.00252204
0.42737	0.00251956
0.42834	0.00251517
0.42931	0.00250863
0.430279	0.00249965
0.431249	0.00248781
0.432218	0.00247294
0.433187	0.002456
0.434156	0.00243892
0.435124	0.00242316
0.436093	0.0024094
0.437061	0.00239796
0.43803	0.00238914
0.438998	0.00238331
0.439966	0.00238094
0.440934	0.00238225
0.441903	0.0023863
0.442871	0.00239096
0.443839	0.00239458
0.444807	0.00239643
0.445775	0.00239611
0.446743	0.00239334
0.447711	0.00238778
0.448679	0.00237903
0.449646	0.00236683
0.450613	0.00235194
0.45158	0.00233613
0.452547	0.00232079
0.453514	0.00230656
0.45448	0.00229376
0.455447	0.00228259
0.456413	0.0022733
0.457379	0.00226612
0.458345	0.00226121
0.459311	0.00225818
0.460277	0.00225598
0.461243	0.00225369
0.462209	0.00225095
0.463175	0.00224758
0.464141	0.00224344
0.465106	0.00223843
0.466072	0.00223243
0.467037	0.00222539
0.468002	0.00221743
0.468967	0.00220893
0.469932	0.00220022
0.470897	0.00219143
0.471861	0.00218263
0.472826	0.00217386
0.47379	0.00216513
0.474754	0.00215643
0.475718	0.00214775
0.476682	0.00213909
0.477646	0.00213049
0.47861	0.0021219
0.479573	0.00211336
0.480537	0.00210485
0.4815	0.00209639
0.482463	0.00208785
0.483426	0.00207926
0.484389	0.00207062
0.485352	0.00206151
0.486315	0.00205434
0.487278	0.00204683
0.48824	0.00203893
0.489203	0.00203509
0.490165	0.00203213
0.491128	0.00202804
0.49209	0.00202607
0.493052	0.00202683
0.494015	0.00202883
0.494977	0.00203123
0.495939	0.00203253
0.496902	0.0020321
0.497864	0.00202956
0.498826	0.00202459
0.499787	0.0020169
0.500749	0.0020061
0.50171	0.00199177
0.502671	0.00197431
0.503632	0.00195539
0.504592	0.00193679
0.505553	0.00191946
0.506513	0.00190382
0.507473	0.00189013
0.508432	0.00187864
0.509392	0.00186963
0.510352	0.00186335
0.511311	0.00185963
0.512271	0.00185753
0.513231	0.00185604
0.51419	0.00185465
0.51515	0.00185313
0.516109	0.00185135
0.517069	0.00184926
0.518028	0.00184688
0.518987	0.00184421
0.519947	0.0018412
0.520906	0.00183756
0.521865	0.00183299
0.522824	0.0018273
0.523782	0.00182036
0.524741	0.00181205
0.525699	0.00180218
0.526657	0.00179052
0.527615	0.00177682
0.528573	0.00176126
0.52953	0.00174493
0.530487	0.0017292
0.531445	0.00171494
0.532401	0.00170257
0.533358	0.00169237
0.534315	0.00168459
0.535272	0.00167959
0.536229	0.00167776
0.537186	0.00167896
0.538143	0.00168193
0.539099	0.00168496
0.540056	0.00168694
0.541013	0.00168734
0.54197	0.00168585
0.542927	0.00168219
0.543883	0.00167609
0.544839	0.00166719
0.545795	0.0016555
0.546751	0.00164192
0.547706	0.00162771
0.548662	0.00161369
0.549617	0.00160019
0.550572	0.00158741
0.551527	0.00157549
0.552481	0.00156454
0.553436	0.00155466
0.55439	0.00154587
0.555344	0.00153802
0.556299	0.00153086
0.557253	0.00152423
0.558207	0.0015181
0.559161	0.00151245
0.560115	0.00150731
0.561069	0.00150272
0.562023	0.0014988
0.562976	0.00149554
0.56393	0.00149262
0.564884	0.00148955
0.565838	0.00148598
0.566791	0.00148174
0.567745	0.00147672
0.568698	0.0014708
0.569651	0.00146388
0.570604	0.00145587
0.571557	0.00144673
0.57251	0.00143675
0.573462	0.00142644
0.574415	0.00141618
0.575367	0.00140617
0.576319	0.0013965
0.577271	0.00138725
0.578222	0.00137848
0.579174	0.00137025
0.580126	0.00136259
0.581077	0.00135537
0.582029	0.00134842
0.58298	0.00134159
0.583931	0.00133481
0.584882	0.00132805
0.585833	0.00132126
0.586784	0.00131442
0.587735	0.00130757
0.588685	0.00130067
0.589636	0.00129372
0.590586	0.00128673
0.591536	0.00127969
0.592487	0.00127262
0.593437	0.0012655
0.594387	0.00125835
0.595336	0.00125117
0.596286	0.00124395
0.597236	0.00123669
0.598185	0.00122936
0.599135	0.00122194
0.600084	0.00121441
0.601033	0.00120678
0.601982	0.001199
0.602931	0.00119106
0.60388	0.00118294
0.604828	0.0011746
0.605777	0.00116601
0.606725	0.00115729
0.607674	0.00114862
0.608622	0.00114022
0.60957	0.00113222
0.610518	0.00112469
0.611466	0.0011177
0.612413	0.00111132
0.613361	0.00110565
0.614309	0.00110075
0.615257	0.00109649
0.616204	0.00109241
0.617152	0.00108805
0.618099	0.00108316
0.619047	0.00107762
0.619994	0.00107128
0.620941	0.00106405
0.621888	0.0010558
0.622835	0.00104642
0.623781	0.00103608
0.624728	0.00102525
0.625674	0.00101445
0.62662	0.00100398
0.627566	0.000994011
0.628511	0.000984639
0.629457	0.000975959
0.630402	0.000968045
0.631348	0.000960972
0.632293	0.000954687
0.633239	0.000948922
0.634184	0.000943387
0.635129	0.000937908
0.636075	0.000932392
0.63702	0.000926787
0.637965	0.000921056
0.63891	0.000915173
0.639855	0.000909112
0.6408	0.000902871
0.641744	0.000896473
0.642689	0.000889953
0.643633	0.000883332
0.644578	0.000876622
0.645522	0.000869829
0.646467	0.000862955
0.647411	0.000856003
0.648355	0.000848975
0.649299	0.000841873
0.650243	0.000834668
0.651186	0.000827319
0.65213	0.000819804
0.653073	0.000812102
0.654017	0.00080419
0.65496	0.000796052
0.655903	0.000787654
0.656846	0.000778951
0.657789	0.000769966
0.658731	0.000760896
0.659674	0.000752007
0.660616	0.000743476
0.661558	0.000735402
0.662501	0.000727866
0.663443	0.000720946
0.664385	0.000714702
0.665327	0.000709216
0.666269	0.000704486
0.667211	0.000700258
0.668153	0.000696133
0.669095	0.000691817
0.670037	0.00068714
0.670979	0.000681987
0.671921	0.000676271
0.672863	0.000669898
0.673804	0.000662771
0.674746	0.000654879
0.675687	0.000646461
0.676628	0.00063792
0.677569	0.000629571
0.67851	0.000621597
0.679451	0.000614126
0.680391	0.000607258
0.681332	0.000601088
0.682273	0.000595718
0.683214	0.00059118
0.684155	0.000587251
0.685095	0.000583503
0.686036	0.000579583
0.686977	0.00057527
0.687917	0.000570416
0.688858	0.000564916
0.689798	0.000558675
0.690738	0.000551546
0.691678	0.000543447
0.692618	0.000534606
0.693558	0.000525496
0.694497	0.000516518
0.694497	0.000516518
0.695436	0.000507868
0.696376	0.000499567
0.697315	0.000491736
0.698254	0.000484543
0.699193	0.000478042
0.700132	0.000472295
0.701071	0.000467222
0.70201	0.000462598
0.702949	0.000458212
0.703889	0.000453939
0.704828	0.000449693
0.705767	0.000445416
0.706706	0.000441072
0.707645	0.000436638
0.708584	0.000432092
0.709523	0.000427401
0.710462	0.000422525
0.711401	0.000417416
0.71234	0.000412035
0.713278	0.000406357
0.714217	0.000400357
0.715155	0.000394006
0.716094	0.000387265
0.717032	0.000380096
0.71797	0.000372565
0.718908	0.000364893
0.719845	0.000357338
0.720783	0.00035007
0.721721	0.000343206
0.722658	0.000336833
0.723596	0.000331021
0.724533	0.000325845
0.725471	0.000321362
0.726409	0.000317541
0.727347	0.000314217
0.728285	0.000311168
0.729223	0.000308226
0.730161	0.000305283
0.731099	0.000302268
0.732037	0.000299123
0.732975	0.00029581
0.733913	0.000292297
0.734851	0.000288561
0.735789	0.000284587
0.736727	0.000280379
0.737665	0.000275936
0.738603	0.000271249
0.73954	0.000266312
0.740478	0.000261108
0.741416	0.000255621
0.742353	0.000249829
0.74329	0.000243743
0.744227	0.000237472
0.745164	0.000231183
0.746101	0.000225015
0.747038	0.000219071
0.747975	0.000213422
0.748912	0.000208125
0.749849	0.000203228
0.750786	0.000198781
0.751723	0.000194812
0.75266	0.000191268
0.753597	0.000188019
0.754535	0.000184942
0.755472	0.000181947
0.756409	0.000178973
0.757347	0.000175978
0.758284	0.000172919
0.759222	0.000169765
0.760159	0.000166497
0.761097	0.000163116
0.762034	0.000159638
0.762972	0.000156078
0.763909	0.000152452
0.764847	0.000148771
0.765784	0.000145038
0.766721	0.00014125
0.767659	0.000137404
0.768596	0.000133498
0.769533	0.000129546
0.770471	0.000125581
0.771408	0.000121637
0.772345	0.000117744
0.773283	0.000113921
0.77422	0.00011018
0.775157	0.000106544
0.776094	0.000103027
0.777032	9.9639e-05
0.777969	9.6382e-05
0.778907	9.32425e-05
0.779844	9.02128e-05
0.780782	8.72911e-05
0.78172	8.44699e-05
0.782657	8.17447e-05
0.783595	7.91144e-05
0.784533	7.65741e-05
0.785471	7.41196e-05
0.786409	7.17441e-05
0.787347	6.94216e-05
0.788285	6.71e-05
0.789223	6.47362e-05
0.790161	6.23053e-05
0.791099	5.97836e-05
0.792037	5.7147e-05
0.792975	5.43746e-05
0.793913	5.14477e-05
0.794851	4.8365e-05
0.795789	4.51735e-05
0.796727	4.19475e-05
0.797665	3.87587e-05
0.798603	3.56672e-05
0.799541	3.27193e-05
0.800479	2.99476e-05
0.801417	2.73854e-05
0.802355	2.50669e-05
0.803294	2.3006e-05
0.804232	2.11658e-05
0.805171	1.9461e-05
0.806109	1.77986e-05
0.807048	1.61062e-05
0.807987	1.43274e-05
0.808926	1.2413e-05
0.809864	1.03262e-05
0.810803	8.02322e-06
0.811742	5.47687e-06
0.812681	2.71572e-06
0.813619	1.47528e-06
0.814558	3.13824e-06
0.815496	6.05891e-06
0.816435	8.88776e-06
0.817374	1.15803e-05
0.818313	1.41037e-05
0.819252	1.64155e-05
0.820191	1.84716e-05
0.82113	2.02797e-05
0.82207	2.18757e-05
0.823009	2.33141e-05
0.823949	2.46464e-05
0.824889	2.58934e-05
0.825829	2.70847e-05
0.826769	2.82464e-05
0.827709	2.9403e-05
0.82865	3.05692e-05
0.82959	3.17663e-05
0.830531	3.30139e-05
0.831471	3.43327e-05
0.832412	3.57604e-05
0.833352	3.73243e-05
0.834293	3.90448e-05
0.835233	4.09445e-05
0.836174	4.30421e-05
0.837114	4.53517e-05
0.838054	4.78662e-05
0.838995	5.05188e-05
0.839935	5.32168e-05
0.840875	5.58807e-05
0.841815	5.84384e-05
0.842756	6.08244e-05
0.843696	6.29772e-05
0.844637	6.48432e-05
0.845578	6.63758e-05
0.84652	6.7559e-05
0.847461	6.84456e-05
0.848403	6.91344e-05
0.849345	6.97258e-05
0.850287	7.03089e-05
0.851229	7.09668e-05
0.852172	7.17723e-05
0.853114	7.27878e-05
0.854056	7.40717e-05
0.854998	7.56535e-05
0.85594	7.75045e-05
0.856881	7.95471e-05
0.857823	8.16877e-05
0.858765	8.38479e-05
0.859707	8.59578e-05
0.860649	8.79551e-05
0.861591	8.97883e-05
0.862533	9.14112e-05
0.863476	9.27913e-05
0.864419	9.39306e-05
0.865362	9.48632e-05
0.866305	9.56337e-05
0.867248	9.62867e-05
0.868192	9.68614e-05
0.869135	9.7392e-05
0.870079	9.79079e-05
0.871023	9.84406e-05
0.871967	9.90145e-05
0.872911	9.96342e-05
0.873855	0.000100292
0.874799	0.000100978
0.875744	0.000101676
0.876688	0.000102369
0.877633	0.00010305
0.878577	0.000103709
0.879522	0.000104335
0.880467	0.00010492
0.881412	0.000105459
0.882357	0.000105961
0.883303	0.000106433
0.884248	0.000106883
0.885194	0.000107315
0.88614	0.000107738
0.887085	0.00010816
0.888031	0.000108585
0.888977	0.000109015
0.889923	0.000109451
0.89087	0.000109897
0.891816	0.000110353
0.892762	0.000110818
0.893709	0.000111292
0.894655	0.000111775
0.895602	0.000112262
0.896549	0.000112757
0.897496	0.000113259
0.898443	0.000113764
0.89939	0.000114262
0.900337	0.000114741
0.901285	0.000115187
0.902232	0.000115588
0.90318	0.000115935
0.904128	0.000116217
0.905076	0.000116424
0.906024	0.000116544
0.906973	0.000116576
0.907921	0.000116521
0.90887	0.000116386
0.909819	0.000116175
0.910769	0.000115889
0.911718	0.000115535
0.912668	0.000115119
0.913618	0.000114646
0.914568	0.000114114
0.915518	0.000113528
0.916469	0.0001129
0.91742	0.000112244
0.91837	0.00011157
0.919322	0.00011089
0.920273	0.000110218
0.921224	0.000109568
0.922175	0.000108947
0.923127	0.000108364
0.924079	0.000107823
0.92503	0.000107321
0.925982	0.000106846
0.926934	0.000106383
0.927887	0.00010592
0.928839	0.000105445
0.929792	0.000104944
0.930744	0.000104404
0.931697	0.000103814
0.932651	0.000103169
0.933604	0.00010247
0.934558	0.000101719
0.935511	0.00010092
0.936465	0.000100074
0.93742	9.91864e-05
0.938374	9.82607e-05
0.939329	9.73004e-05
0.940283	9.63069e-05
0.941238	9.52785e-05
0.942193	9.42088e-05
0.943149	9.30865e-05
0.944104	9.18973e-05
0.94506	9.06251e-05
0.946016	8.9253e-05
0.946973	8.77689e-05
0.94793	8.61613e-05
0.948887	8.44197e-05
0.949844	8.25446e-05
0.950801	8.05483e-05
0.951759	7.84533e-05
0.952717	7.62881e-05
0.953675	7.40789e-05
0.954634	7.18464e-05
0.955592	6.96075e-05
0.956551	6.73801e-05
0.95751	6.51844e-05
0.958469	6.30264e-05
0.959428	6.08852e-05
0.960387	5.87291e-05
0.961346	5.65237e-05
0.962306	5.42341e-05
0.963266	5.18297e-05
0.964226	4.92791e-05
0.965186	4.65509e-05
0.966147	4.36136e-05
0.967108	4.04526e-05
0.968069	3.70615e-05
0.96903	3.34578e-05
0.969992	2.96627e-05
0.969992	2.96627e-05
0.970954	2.56595e-05
0.971916	2.14584e-05
0.972878	1.705e-05
0.973841	1.24265e-05
0.974803	7.59679e-06
0.975766	2.60391e-06
0.97673	2.83798e-06
0.977693	8.54175e-06
0.978657	1.46501e-05
0.979621	2.12204e-05
0.980585	2.8314e-05
0.981549	3.60075e-05
0.982514	4.43733e-05
0.983479	5.35405e-05
0.984444	6.35831e-05
0.98541	7.47548e-05
0.986376	8.71183e-05
0.987342	0.000101146
0.988309	0.000116907
0.989276	0.000134908
0.990243	0.00015621
0.99121	0.000179901
0.992178	0.000209928
0.993146	0.000247138
0.994115	0.000287056
0.995084	0.000359627
0.996053	0.000415529
0.997022	0.000583748
0.997991	0.000641461
0.99896	0.00146018
0.999929	0.00126072
)
