(title "Skin Friction Coefficient")
(labels "Position" "Skin Friction Coefficient")

((xy/key/label "upper")
0.00744193	0.0111582
0.00782943	0.0108858
0.00823966	0.0106853
0.00867228	0.0104195
0.00912656	0.0100769
0.00959841	0.00991328
0.0100831	0.0101306
0.0105804	0.0104698
0.0110945	0.0104482
0.0116281	0.00999685
0.0121784	0.00950788
0.0127412	0.00931628
0.0133145	0.00936609
0.0138993	0.00936036
0.0144974	0.00912646
0.0151086	0.00874514
0.0157308	0.0084245
0.016362	0.00829642
0.0170007	0.00831796
0.0176471	0.00836383
0.0183017	0.00835203
0.0189645	0.0082724
0.0196355	0.00815545
0.0203141	0.00803449
0.0209999	0.00792391
0.0216926	0.00782479
0.0223919	0.00773377
0.0230975	0.00764878
0.0238092	0.00757069
0.0245268	0.00750138
0.0252499	0.00744105
0.0259783	0.00739143
0.0267118	0.00735525
0.0274503	0.00732901
0.0281937	0.00730318
0.0289419	0.00727004
0.0296949	0.00722635
0.0304527	0.00717104
0.0312151	0.00710436
0.0319822	0.00702704
0.0327538	0.00693822
0.0335299	0.0068362
0.0343104	0.0067215
0.0350952	0.00660193
0.035884	0.00648951
0.0366766	0.00639068
0.0374727	0.00630891
0.0382722	0.00624781
0.0390748	0.0062067
0.0398805	0.00617941
0.0406892	0.00615981
0.0415007	0.00614578
0.0423151	0.00613765
0.0431322	0.00613625
0.0439519	0.00614011
0.0447744	0.00614389
0.0455995	0.00614171
0.0464274	0.0061301
0.047258	0.00610682
0.0480914	0.00606974
0.0489276	0.00601765
0.0497666	0.0059531
0.0506082	0.00588251
0.0514525	0.00581127
0.0522994	0.00574214
0.0531487	0.00567663
0.0540004	0.00561511
0.0548544	0.00555822
0.0557106	0.00550625
0.056569	0.00545794
0.0574296	0.0054117
0.0582923	0.00536666
0.059157	0.00532251
0.0600237	0.00527911
0.0608924	0.00523636
0.061763	0.00519419
0.0626355	0.00515274
0.0635099	0.0051124
0.064386	0.00507356
0.0652639	0.00503652
0.0661435	0.00500158
0.0670248	0.00496902
0.0679077	0.00493915
0.0687921	0.00491234
0.0696782	0.00488896
0.0705657	0.00486895
0.0714547	0.00485121
0.0723452	0.00483433
0.0732372	0.0048189
0.0741305	0.00480376
0.0741305	0.00480376
0.0750253	0.00478619
0.0759215	0.00476818
0.0768191	0.00475091
0.077718	0.0047334
0.0786183	0.00471579
0.0795199	0.00469785
0.0804228	0.00467913
0.0813271	0.00465908
0.0822327	0.00463737
0.0831395	0.00461384
0.0840477	0.00458828
0.0849571	0.00456048
0.0858678	0.00453016
0.0867798	0.00449701
0.087693	0.00446069
0.0886075	0.00442141
0.0895232	0.00438036
0.0904401	0.00433902
0.0913581	0.0042984
0.0922773	0.00425905
0.0931976	0.00422136
0.094119	0.00418561
0.0950414	0.004152
0.0959649	0.00412083
0.0968894	0.00409245
0.0978148	0.00406718
0.0987412	0.00404505
0.0996685	0.00402536
0.100597	0.00400706
0.101526	0.00398942
0.102456	0.00397205
0.103387	0.00395477
0.104319	0.0039374
0.105252	0.00391985
0.106185	0.00390207
0.10712	0.00388393
0.108055	0.00386533
0.108991	0.00384628
0.109928	0.00382679
0.110866	0.00380712
0.111804	0.00378753
0.112744	0.00376815
0.113684	0.00374914
0.114625	0.00373055
0.115567	0.00371245
0.116509	0.00369493
0.117452	0.003678
0.118396	0.00366174
0.119341	0.00364627
0.120286	0.00363168
0.121232	0.00361793
0.122179	0.00360467
0.123126	0.00359136
0.124074	0.00357763
0.125023	0.00356321
0.125972	0.00354791
0.126922	0.00353159
0.127873	0.00351417
0.128824	0.00349553
0.129776	0.00347551
0.130729	0.00345399
0.131682	0.00343081
0.132636	0.00340586
0.133591	0.00337925
0.134546	0.00335159
0.135502	0.00332369
0.136458	0.00329618
0.137415	0.00326939
0.138373	0.00324357
0.139331	0.00321897
0.14029	0.00319575
0.141249	0.00317402
0.142209	0.00315398
0.143169	0.0031358
0.14413	0.00311968
0.145091	0.00310578
0.146052	0.00309412
0.147015	0.00308432
0.147977	0.00307569
0.14894	0.00306762
0.149904	0.00305976
0.150868	0.00305189
0.151832	0.00304387
0.152797	0.0030356
0.153762	0.00302695
0.154728	0.00301781
0.155694	0.00300813
0.15666	0.00299787
0.157627	0.00298698
0.158595	0.00297542
0.159563	0.00296317
0.160531	0.00295032
0.1615	0.00293696
0.162469	0.00292317
0.163438	0.00290895
0.164408	0.00289432
0.165379	0.00287929
0.16635	0.0028639
0.167321	0.00284789
0.168292	0.00283156
0.169264	0.00281473
0.170237	0.00279712
0.171209	0.00277895
0.172182	0.00276003
0.173156	0.00274056
0.17413	0.00272088
0.175104	0.00270146
0.176079	0.00268264
0.177053	0.00266465
0.178029	0.00264765
0.179004	0.00263181
0.17998	0.00261726
0.180956	0.00260416
0.181933	0.00259265
0.18291	0.0025829
0.183887	0.00257507
0.184864	0.00256935
0.185842	0.00256592
0.18682	0.00256465
0.187798	0.00256472
0.188776	0.00256575
0.189755	0.00256657
0.190734	0.00256684
0.191713	0.00256666
0.192693	0.00256525
0.193672	0.00256264
0.194653	0.00255845
0.195633	0.00255273
0.196614	0.00254465
0.197594	0.00253486
0.198576	0.00252285
0.199557	0.00250778
0.200539	0.00249046
0.201521	0.00247093
0.202504	0.00245024
0.203486	0.00242912
0.204469	0.00240811
0.205452	0.00238757
0.206436	0.00236782
0.207419	0.00234911
0.208403	0.00233164
0.209387	0.00231563
0.210372	0.00230128
0.211356	0.00228877
0.212341	0.00227829
0.213326	0.00227003
0.214311	0.00226418
0.215297	0.00226067
0.216282	0.00225894
0.217268	0.00225829
0.218254	0.00225818
0.21924	0.00225826
0.220226	0.00225827
0.221213	0.00225795
0.222199	0.00225712
0.223186	0.0022556
0.224173	0.00225325
0.225161	0.00224995
0.226148	0.00224556
0.227136	0.00223991
0.228123	0.00223291
0.229112	0.00222448
0.2301	0.00221471
0.231088	0.00220394
0.232077	0.00219253
0.233066	0.00218075
0.234055	0.00216877
0.235044	0.00215674
0.236033	0.00214473
0.237023	0.00213286
0.238012	0.00212122
0.239002	0.00210988
0.239992	0.00209891
0.240982	0.00208832
0.241973	0.00207818
0.242963	0.00206857
0.243954	0.00205953
0.244945	0.002051
0.245936	0.00204285
0.246927	0.00203496
0.247918	0.00202727
0.248909	0.00201974
0.249901	0.00201232
0.250893	0.00200496
0.251884	0.00199762
0.252876	0.00199032
0.253868	0.00198304
0.254861	0.00197576
0.255853	0.00196843
0.256846	0.00196107
0.257838	0.00195365
0.258831	0.00194616
0.259824	0.00193862
0.260817	0.00193108
0.26181	0.00192357
0.262803	0.00191614
0.263797	0.00190881
0.26479	0.00190157
0.265784	0.00189445
0.266777	0.00188748
0.267771	0.00188067
0.268765	0.00187402
0.269759	0.00186755
0.270754	0.00186131
0.271748	0.0018553
0.272742	0.00184949
0.273737	0.00184394
0.274731	0.00183859
0.275726	0.00183334
0.276721	0.0018281
0.277716	0.00182281
0.278711	0.0018174
0.279706	0.00181184
0.280701	0.00180612
0.281696	0.00180017
0.282692	0.00179395
0.283687	0.00178743
0.284683	0.0017806
0.285678	0.00177343
0.286674	0.00176589
0.28767	0.00175795
0.288666	0.00174957
0.289662	0.00174083
0.290658	0.00173185
0.291654	0.00172277
0.292651	0.00171372
0.293647	0.00170478
0.294643	0.00169602
0.29564	0.00168753
0.296637	0.00167936
0.297633	0.00167154
0.29863	0.00166413
0.299627	0.00165716
0.300624	0.00165068
0.301621	0.00164473
0.302618	0.00163934
0.303615	0.00163455
0.304612	0.00163036
0.305609	0.0016266
0.306607	0.00162309
0.307604	0.00161966
0.308601	0.0016162
0.309599	0.00161261
0.310596	0.00160881
0.311594	0.00160473
0.312591	0.00160031
0.313589	0.00159553
0.314587	0.00159035
0.315585	0.00158469
0.316583	0.00157849
0.317581	0.00157173
0.318579	0.00156439
0.319577	0.00155642
0.320575	0.00154795
0.321573	0.00153913
0.322571	0.00153008
0.323569	0.00152092
0.324568	0.00151173
0.325566	0.00150258
0.326564	0.00149348
0.327563	0.0014845
0.328561	0.00147569
0.32956	0.0014671
0.330559	0.00145875
0.331557	0.00145066
0.332556	0.00144287
0.333554	0.00143541
0.334553	0.0014283
0.335552	0.00142151
0.336551	0.001415
0.33755	0.00140875
0.338548	0.00140273
0.339547	0.0013969
0.340546	0.00139121
0.341545	0.00138566
0.342544	0.00138027
0.343543	0.00137504
0.344542	0.00136996
0.345541	0.00136503
0.34654	0.00136022
0.347539	0.00135555
0.348539	0.00135102
0.349538	0.00134662
0.350537	0.00134236
0.351536	0.00133817
0.352535	0.00133401
0.353535	0.00132982
0.354534	0.00132553
0.355533	0.00132108
0.356532	0.00131645
0.357532	0.00131162
0.358531	0.00130656
0.35953	0.00130122
0.36053	0.00129556
0.361529	0.00128957
0.362529	0.00128319
0.363528	0.00127639
0.364527	0.00126913
0.365527	0.00126139
0.366526	0.00125324
0.367526	0.00124485
0.368525	0.00123642
0.369525	0.00122809
0.370524	0.00121996
0.371524	0.00121212
0.372523	0.00120464
0.373523	0.00119761
0.374522	0.00119114
0.375522	0.0011853
0.376521	0.00118014
0.377521	0.00117571
0.37852	0.0011721
0.37952	0.00116941
0.380519	0.00116772
0.381519	0.00116699
0.382518	0.00116704
0.383518	0.00116754
0.384517	0.00116824
0.385517	0.00116895
0.386516	0.00116942
0.387516	0.00116952
0.388515	0.0011691
0.389515	0.00116805
0.390514	0.00116626
0.391513	0.00116356
0.392513	0.00115986
0.393512	0.00115507
0.394512	0.00114908
0.395511	0.00114182
0.396511	0.00113321
0.39751	0.00112334
0.398509	0.00111251
0.399509	0.00110107
0.400508	0.00108929
0.401507	0.00107739
0.402507	0.00106556
0.403506	0.00105396
0.404505	0.00104271
0.405505	0.00103195
0.406504	0.0010218
0.407503	0.00101237
0.408502	0.00100374
0.409501	0.000995992
0.4105	0.000989207
0.4115	0.000983468
0.412499	0.000978819
0.413498	0.000975176
0.414497	0.000972299
0.415496	0.000969908
0.416495	0.000967835
0.417494	0.000965986
0.418493	0.000964227
0.419492	0.000962413
0.420491	0.000960464
0.42149	0.000958298
0.422489	0.000955816
0.423488	0.000952947
0.424486	0.000949628
0.425485	0.000945821
0.426484	0.000941453
0.427483	0.000936437
0.428481	0.000930799
0.42948	0.000924628
0.430479	0.000918035
0.431477	0.000911127
0.432476	0.000903988
0.433474	0.000896705
0.434473	0.000889337
0.435471	0.000881934
0.43647	0.000874544
0.437468	0.000867171
0.438466	0.000859863
0.439464	0.00085271
0.440463	0.000845733
0.441461	0.000838924
0.442459	0.000832319
0.443457	0.000825947
0.444455	0.000819793
0.445453	0.000813755
0.446451	0.000807677
0.447449	0.000801482
0.448447	0.000795123
0.449445	0.000788519
0.450443	0.000781607
0.45144	0.000774333
0.452438	0.00076665
0.453436	0.000758547
0.454433	0.000749991
0.455431	0.000740917
0.456428	0.000731276
0.457425	0.000721042
0.458423	0.000710216
0.45942	0.000698792
0.460417	0.000686826
0.461414	0.000674471
0.462411	0.000661835
0.463408	0.000649
0.464405	0.000636044
0.465402	0.000623028
0.466399	0.000610007
0.467396	0.000597002
0.468392	0.000584065
0.469389	0.000571262
0.470386	0.000558621
0.471382	0.000546143
0.472378	0.000533867
0.473375	0.00052188
0.474371	0.000510196
0.475367	0.000498751
0.476363	0.000487492
0.477359	0.000476368
0.478355	0.000465328
0.479351	0.000454317
0.480347	0.000443303
0.481343	0.000432288
0.482339	0.000421249
0.483334	0.000410154
0.48433	0.000398985
0.485326	0.000387705
0.486321	0.000376299
0.487316	0.000364763
0.488312	0.000353086
0.489307	0.000341271
0.490302	0.000329329
0.491297	0.000317303
0.492292	0.000305239
0.493287	0.0002932
0.494281	0.000281281
0.495276	0.000269521
0.496271	0.000257922
0.497265	0.000246542
0.49826	0.000235412
0.499254	0.00022453
0.500248	0.000213905
0.501243	0.000203551
0.502237	0.000193519
0.503231	0.000183835
0.504225	0.00017446
0.505219	0.000165389
0.506213	0.000156644
0.507206	0.000148179
0.5082	0.000139909
0.509194	0.000131788
0.510187	0.00012376
0.511181	0.000115767
0.512174	0.000107787
0.513167	9.97736e-05
0.514161	9.17113e-05
0.515154	8.36118e-05
0.516147	7.54518e-05
0.517139	6.71982e-05
0.518132	5.88308e-05
0.519125	5.03868e-05
0.520118	4.18763e-05
0.52111	3.32653e-05
0.522102	2.45749e-05
0.523094	1.58685e-05
0.524087	7.24163e-06
0.525078	4.20331e-06
0.52607	9.56772e-06
0.527062	1.77184e-05
0.528054	2.56406e-05
0.529045	3.33009e-05
0.530037	4.07094e-05
0.531028	4.78417e-05
0.532019	5.46608e-05
0.53301	6.11982e-05
0.534001	6.74727e-05
0.534992	7.34596e-05
0.535983	7.91388e-05
0.536974	8.45412e-05
0.537965	8.96959e-05
0.538955	9.45932e-05
0.539946	9.92437e-05
0.540936	0.000103646
0.541927	0.00010782
0.542917	0.000111803
0.543907	0.000115604
0.544898	0.000119233
0.545888	0.000122694
0.546878	0.000126004
0.547868	0.000129181
0.548857	0.000132215
0.549847	0.00013512
0.550837	0.000137901
0.551826	0.000140557
0.552816	0.000143111
0.553805	0.000145555
0.554794	0.000147894
0.555784	0.000150154
0.556773	0.000152325
0.557762	0.000154401
0.55875	0.000156398
0.559739	0.000158324
0.560728	0.00016019
0.561716	0.000161994
0.562705	0.000163729
0.563693	0.000165401
0.564682	0.000167023
0.56567	0.000168601
0.566658	0.000170144
0.567646	0.000171646
0.568633	0.000173101
0.569621	0.000174532
0.570609	0.00017595
0.571596	0.000177364
0.572583	0.000178778
0.573571	0.000180197
0.574558	0.000181621
0.575545	0.000183057
0.576532	0.000184514
0.577518	0.000185998
0.578505	0.00018752
0.579492	0.000189076
0.580478	0.000190692
0.581465	0.000192385
0.582451	0.000194226
0.583437	0.000196321
0.584423	0.00019881
0.585409	0.00020235
0.586395	0.000206961
0.587381	0.000212981
0.588367	0.0002209
0.589353	0.0002348
0.590338	0.000268933
0.591324	0.000331798
0.592309	0.000415126
0.593295	0.000505483
0.59428	0.000591585
0.595265	0.000667485
0.59625	0.000731509
0.597235	0.000783436
0.59822	0.000824607
0.599205	0.000857874
0.60019	0.00088621
0.601175	0.000912639
0.602159	0.000940396
0.603144	0.000972627
0.604128	0.00101075
0.605113	0.00105191
0.606097	0.00108959
0.607081	0.00111392
0.608065	0.00111465
0.609049	0.00108298
0.610033	0.00101469
0.611017	0.000911236
0.612001	0.000775579
0.612985	0.000615083
0.613968	0.00043243
0.614952	0.00023392
0.615935	0.000100551
0.616919	0.000166096
0.617902	0.000356252
0.618885	0.000536286
0.619868	0.000710928
0.620851	0.000882267
0.621834	0.00104826
0.622817	0.00120716
0.6238	0.00135797
0.624782	0.00150024
0.625765	0.00163368
0.626748	0.00175828
0.62773	0.00187427
0.628712	0.00198173
0.629694	0.00208089
0.630677	0.00217234
0.631659	0.00225647
0.63264	0.0023338
0.633622	0.002405
0.634604	0.00247094
0.635586	0.00253255
0.636567	0.0025903
0.637549	0.00264453
0.63853	0.0026956
0.639511	0.00274387
0.640492	0.00278963
0.641474	0.00283317
0.642455	0.00287471
0.643436	0.0029144
0.644417	0.00295248
0.645397	0.00298921
0.646378	0.00302478
0.647359	0.00305935
0.648339	0.00309291
0.648339	0.00309291
0.64932	0.00312548
0.650301	0.00315718
0.651281	0.00318767
0.652261	0.00321689
0.653242	0.00324516
0.654222	0.0032726
0.655202	0.00329919
0.656182	0.00332496
0.657162	0.00334999
0.658142	0.00337435
0.659122	0.00339805
0.660102	0.00342117
0.661082	0.00344369
0.662061	0.00346559
0.663041	0.00348687
0.664021	0.0035076
0.665	0.00352789
0.66598	0.0035475
0.666959	0.00356624
0.667938	0.00358422
0.668917	0.00360168
0.669897	0.0036187
0.670876	0.0036353
0.671855	0.00365153
0.672834	0.00366737
0.673812	0.00368286
0.674791	0.00369803
0.67577	0.0037129
0.676749	0.00372743
0.677727	0.00374156
0.678706	0.00375538
0.679684	0.00376895
0.680662	0.00378225
0.681641	0.00379522
0.682619	0.00380789
0.683597	0.00382028
0.684575	0.00383231
0.685553	0.003844
0.686531	0.00385536
0.687509	0.00386636
0.688487	0.003877
0.689464	0.00388726
0.690442	0.00389715
0.691419	0.00390661
0.692397	0.00391556
0.693374	0.00392395
0.694351	0.00393184
0.695329	0.00393927
0.696306	0.00394622
0.697283	0.00395276
0.69826	0.00395906
0.699237	0.00396527
0.700214	0.00397149
0.70119	0.00397774
0.702167	0.00398398
0.703144	0.00399026
0.70412	0.00399661
0.705097	0.00400311
0.706073	0.0040097
0.707049	0.00401636
0.708026	0.00402312
0.709002	0.00403006
0.709978	0.00403723
0.710954	0.00404456
0.71193	0.00405208
0.712906	0.00405996
0.713882	0.00406817
0.714858	0.00407644
0.715834	0.00408444
0.71681	0.00409199
0.717785	0.00409911
0.718761	0.00410579
0.719736	0.00411205
0.720712	0.0041178
0.721687	0.00412301
0.722663	0.00412772
0.723638	0.00413194
0.724613	0.00413566
0.725588	0.00413878
0.726564	0.00414124
0.727538	0.00414297
0.728513	0.00414386
0.729488	0.00414382
0.730463	0.00414299
0.731438	0.00414177
0.732412	0.00414047
0.733386	0.00413923
0.734361	0.00413818
0.735335	0.00413731
0.736309	0.00413662
0.737283	0.00413618
0.738258	0.00413602
0.739232	0.00413614
0.740206	0.00413661
0.741179	0.00413745
0.742153	0.00413872
0.743127	0.00414044
0.744101	0.0041426
0.745075	0.0041454
0.746048	0.00414891
0.747022	0.00415288
0.747995	0.00415688
0.748969	0.00416066
0.749942	0.00416418
0.750916	0.00416748
0.751889	0.00417047
0.752863	0.00417306
0.753836	0.00417535
0.754809	0.00417738
0.755782	0.00417908
0.756756	0.00418047
0.757729	0.0041815
0.758702	0.00418213
0.759675	0.00418237
0.760647	0.00418222
0.76162	0.00418158
0.762593	0.00418041
0.763566	0.00417893
0.764538	0.00417733
0.765511	0.0041757
0.766483	0.00417409
0.767456	0.00417257
0.768428	0.00417112
0.7694	0.00416962
0.770372	0.00416809
0.771345	0.00416667
0.772317	0.00416534
0.773289	0.00416401
0.774261	0.00416274
0.775232	0.00416153
0.776204	0.00416043
0.777176	0.00415942
0.778148	0.00415854
0.779119	0.00415779
0.780091	0.00415707
0.781063	0.00415628
0.782034	0.00415536
0.783006	0.00415436
0.783977	0.0041533
0.784948	0.00415223
0.78592	0.00415112
0.786891	0.00414992
0.787862	0.00414869
0.788833	0.00414746
0.789804	0.00414625
0.790776	0.00414502
0.791747	0.00414383
0.792717	0.00414265
0.793688	0.00414146
0.794659	0.00414037
0.79563	0.00413938
0.796601	0.00413837
0.797572	0.00413729
0.798542	0.00413615
0.799513	0.00413496
0.800483	0.00413369
0.801454	0.00413234
0.802424	0.004131
0.803395	0.00412968
0.804365	0.00412823
0.805335	0.00412665
0.806306	0.00412508
0.807276	0.0041235
0.808246	0.00412185
0.809216	0.00412017
0.810186	0.0041184
0.811156	0.00411654
0.812126	0.00411464
0.813096	0.00411266
0.814066	0.0041106
0.815035	0.00410848
0.816005	0.00410627
0.816975	0.00410399
0.817944	0.00410163
0.818914	0.00409919
0.819883	0.00409666
0.820853	0.00409403
0.821822	0.0040913
0.822791	0.00408854
0.823761	0.00408562
0.82473	0.0040825
0.825699	0.00407922
0.826668	0.00407582
0.827637	0.00407227
0.828606	0.00406852
0.829575	0.0040647
0.830544	0.00406097
0.831513	0.00405741
0.832481	0.00405391
0.83345	0.00405047
0.834418	0.00404714
0.835387	0.00404391
0.836356	0.00404079
0.837324	0.00403781
0.838292	0.00403497
0.839261	0.00403227
0.840229	0.00402969
0.841197	0.00402721
0.842166	0.00402485
0.843134	0.00402268
0.844102	0.0040207
0.84507	0.00401891
0.846038	0.00401717
0.847006	0.00401541
0.847974	0.00401366
0.848943	0.00401184
0.84991	0.00400999
0.850878	0.00400817
0.851846	0.00400634
0.852814	0.0040045
0.853782	0.00400268
0.85475	0.0040009
0.855718	0.00399913
0.856685	0.00399737
0.857653	0.00399566
0.858621	0.00399398
0.859588	0.00399241
0.860556	0.00399096
0.861523	0.0039896
0.862491	0.00398819
0.863458	0.00398662
0.864426	0.00398491
0.865393	0.00398304
0.86636	0.00398105
0.867328	0.00397891
0.868295	0.00397656
0.869262	0.00397396
0.870229	0.00397115
0.871196	0.0039681
0.872163	0.00396482
0.87313	0.00396127
0.874097	0.00395744
0.875064	0.0039533
0.876031	0.00394878
0.876998	0.00394374
0.877964	0.0039383
0.878931	0.00393276
0.879897	0.00392734
0.880864	0.00392209
0.88183	0.00391703
0.882796	0.00391219
0.883763	0.00390752
0.884729	0.0039031
0.885695	0.00389886
0.886661	0.00389473
0.887627	0.00389082
0.888594	0.00388724
0.88956	0.00388395
0.890526	0.00388094
0.891492	0.00387816
0.892458	0.00387567
0.893424	0.00387359
0.894389	0.0038719
0.895355	0.0038704
0.896321	0.00386889
0.897287	0.00386735
0.898253	0.00386576
0.899219	0.00386415
0.900185	0.00386253
0.90115	0.00386091
0.902116	0.00385927
0.903082	0.0038576
0.904048	0.00385595
0.905013	0.00385431
0.905979	0.00385265
0.906945	0.00385097
0.90791	0.0038493
0.908876	0.00384768
0.909842	0.00384613
0.910807	0.00384461
0.911773	0.00384307
0.912738	0.00384144
0.913704	0.00383969
0.914669	0.00383784
0.915635	0.00383585
0.9166	0.00383375
0.917565	0.00383155
0.918531	0.00382918
0.919496	0.00382663
0.920461	0.00382393
0.921427	0.00382104
0.922392	0.00381802
0.923357	0.00381483
0.924322	0.00381136
0.925287	0.0038076
0.926252	0.00380349
0.927217	0.00379906
0.928182	0.00379449
0.929147	0.00378997
0.930111	0.00378556
0.931076	0.00378126
0.932041	0.00377708
0.933005	0.00377297
0.93397	0.00376899
0.934935	0.00376516
0.935899	0.00376147
0.936864	0.00375787
0.937828	0.00375438
0.938793	0.003751
0.939757	0.00374776
0.940721	0.00374469
0.941686	0.0037418
0.94265	0.00373907
0.943614	0.00373652
0.944579	0.00373418
0.945543	0.00373185
0.946507	0.00372945
0.947471	0.003727
0.948435	0.00372452
0.9494	0.00372202
0.950364	0.00371947
0.951328	0.0037169
0.952292	0.00371431
0.953256	0.00371169
0.95422	0.00370901
0.955184	0.00370632
0.956148	0.00370362
0.957112	0.00370089
0.958076	0.00369811
0.95904	0.0036953
0.960004	0.00369249
0.960968	0.00368969
0.961932	0.00368683
0.962895	0.00368395
0.963859	0.00368109
0.964823	0.00367824
0.965787	0.00367538
0.96675	0.00367248
0.967714	0.00366956
0.968678	0.00366666
0.969641	0.00366376
0.970605	0.00366085
0.971569	0.00365796
0.972532	0.00365507
0.973496	0.00365217
0.974459	0.00364928
0.975423	0.00364636
0.976386	0.00364339
0.97735	0.00364044
0.978313	0.00363748
0.979276	0.00363445
0.98024	0.00363138
0.981203	0.00362821
0.982166	0.00362501
0.98313	0.00362177
0.984093	0.00361846
0.985056	0.00361507
0.986019	0.00361159
0.986982	0.00360806
0.987945	0.00360444
0.988908	0.00360074
0.989872	0.00359695
0.990835	0.00359309
0.991798	0.00358914
0.99276	0.003585
0.993723	0.0035807
0.994686	0.00357639
0.995649	0.00357211
0.996612	0.00356793
0.997575	0.00356387
0.998538	0.00355984
0.9995	0.00355588
1.00046	0.00355203
1.00143	0.0035483
1.00239	0.00354464
1.00335	0.00354111
1.00431	0.00353775
1.00528	0.00353449
1.00624	0.00353132
1.0072	0.00352827
1.00816	0.00352538
1.00913	0.00352268
1.01009	0.0035202
1.01105	0.00351781
1.01201	0.00351537
1.01298	0.00351288
1.01394	0.00351034
1.0149	0.00350776
1.01586	0.00350515
1.01683	0.00350238
1.01779	0.00349957
1.01875	0.00349678
1.01971	0.00349392
1.02068	0.00349091
1.02164	0.00348779
1.0226	0.00348465
1.02356	0.00348144
1.02453	0.00347811
1.02549	0.00347462
1.02645	0.00347102
1.02741	0.00346741
1.02838	0.00346386
1.02934	0.00346036
1.0303	0.00345701
1.03126	0.00345376
1.03223	0.00345055
1.03319	0.00344741
1.03415	0.00344438
1.03511	0.00344147
1.03607	0.00343868
1.03704	0.00343599
1.038	0.00343342
1.03896	0.00343098
1.03992	0.00342873
1.04089	0.00342673
1.04185	0.00342495
1.04281	0.00342338
1.04377	0.00342198
1.04474	0.00342057
1.0457	0.00341902
1.04666	0.00341729
1.04762	0.00341537
1.04858	0.0034132
1.04955	0.00341085
1.05051	0.00340832
1.05147	0.00340557
1.05243	0.00340249
1.05339	0.00339914
1.05436	0.00339556
1.05532	0.00339163
1.05628	0.00338737
1.05724	0.00338278
1.0582	0.00337776
1.05917	0.00337222
1.06013	0.00336622
1.06109	0.00336004
1.06205	0.003354
1.06301	0.00334821
1.06398	0.00334264
1.06494	0.0033373
1.0659	0.0033322
1.06686	0.00332735
1.06782	0.00332275
1.06878	0.00331842
1.06974	0.00331438
1.07071	0.00331057
1.07167	0.00330698
1.07263	0.0033038
1.07359	0.00330104
1.07455	0.00329865
1.07551	0.00329674
1.07648	0.00329536
1.07744	0.00329429
1.0784	0.00329324
1.07936	0.00329203
1.08032	0.00329066
1.08128	0.00328906
1.08225	0.00328726
1.08321	0.00328527
1.08417	0.00328303
1.08513	0.00328057
1.08609	0.00327786
1.08705	0.00327498
1.08802	0.00327193
1.08898	0.00326863
1.08994	0.00326505
1.0909	0.00326111
1.09186	0.00325678
1.09282	0.00325206
1.09379	0.00324703
1.09475	0.00324193
1.09571	0.00323692
1.09667	0.00323209
1.09763	0.00322742
1.09859	0.00322287
1.09956	0.00321851
1.10052	0.0032143
1.10148	0.00321023
1.10244	0.00320631
1.1034	0.00320255
1.10436	0.00319895
1.10532	0.0031955
1.10628	0.00319225
1.10725	0.00318922
1.10821	0.0031864
1.10917	0.00318385
1.11013	0.00318161
1.11109	0.00317949
1.11205	0.00317735
1.11302	0.00317515
1.11398	0.00317281
1.11494	0.00317036
1.1159	0.00316785
1.11686	0.00316529
1.11782	0.00316265
1.11878	0.00315985
1.11975	0.00315688
1.12071	0.00315384
1.12167	0.00315079
1.12263	0.00314767
1.12359	0.00314441
1.12455	0.00314094
1.12551	0.00313732
1.12648	0.00313352
1.12744	0.00312962
1.1284	0.00312574
1.12936	0.0031219
1.13032	0.00311811
1.13128	0.00311441
1.13225	0.00311076
1.13321	0.00310717
1.13417	0.00310365
1.13513	0.00310021
1.13609	0.00309684
1.13705	0.00309352
1.13801	0.00309029
1.13898	0.00308717
1.13994	0.00308415
1.1409	0.00308125
1.14186	0.00307848
1.14282	0.00307584
1.14378	0.00307329
1.14474	0.00307077
1.14571	0.00306825
1.14667	0.00306562
1.14763	0.00306289
1.14859	0.00306006
1.14955	0.00305717
1.15051	0.00305424
1.15147	0.00305121
1.15244	0.00304799
1.1534	0.00304462
1.15436	0.0030412
1.15532	0.00303772
1.15628	0.00303406
1.15724	0.00303023
1.15821	0.00302626
1.15917	0.00302207
1.16013	0.00301768
1.16109	0.00301318
1.16205	0.00300871
1.16301	0.00300436
1.16397	0.00300014
1.16494	0.00299606
1.1659	0.00299212
1.16686	0.00298832
1.16782	0.00298467
1.16878	0.00298114
1.16974	0.00297773
1.1707	0.00297452
1.17167	0.00297152
1.17263	0.00296871
1.17359	0.00296611
1.17455	0.00296372
1.17551	0.00296163
1.17647	0.00295991
1.17743	0.00295837
1.1784	0.00295683
1.17936	0.00295525
1.18032	0.00295354
1.18128	0.00295162
1.18224	0.00294949
1.1832	0.00294723
1.18417	0.00294485
1.18513	0.00294226
1.18609	0.00293948
1.18705	0.00293651
1.18801	0.00293339
1.18897	0.00293012
1.18994	0.00292657
1.1909	0.00292277
1.19186	0.00291868
1.19282	0.00291429
1.19378	0.0029096
1.19475	0.00290479
1.19571	0.00289999
1.19667	0.00289527
1.19763	0.00289066
1.19859	0.00288611
1.19955	0.00288165
1.20051	0.00287731
1.20051	0.00287731
1.20148	0.00287312
1.20244	0.002869
1.2034	0.00286496
1.20436	0.002861
1.20532	0.0028571
1.20628	0.00285332
1.20725	0.00284965
1.20821	0.00284605
1.20917	0.00284255
1.21013	0.00283916
1.21109	0.00283587
1.21205	0.00283265
1.21302	0.00282948
1.21398	0.0028264
1.21494	0.00282341
1.2159	0.00282053
1.21686	0.00281775
1.21782	0.00281506
1.21879	0.00281248
1.21975	0.00281005
1.22071	0.00280777
1.22167	0.00280561
1.22263	0.0028036
1.2236	0.0028018
1.22456	0.0028002
1.22552	0.00279888
1.22648	0.00279789
1.22744	0.0027971
1.22841	0.00279633
1.22937	0.00279544
1.23033	0.00279432
1.23129	0.00279299
1.23226	0.00279144
1.23322	0.00278968
1.23418	0.00278771
1.23514	0.00278546
1.23611	0.00278293
1.23707	0.00278016
1.23803	0.00277712
1.23899	0.00277378
1.23995	0.0027701
1.24092	0.00276603
1.24188	0.00276155
1.24284	0.00275655
1.2438	0.00275107
1.24477	0.00274539
1.24573	0.00273978
1.24669	0.00273439
1.24765	0.00272922
1.24862	0.00272429
1.24958	0.00271964
1.25054	0.00271519
1.2515	0.00271096
1.25246	0.00270702
1.25343	0.0027034
1.25439	0.00270001
1.25535	0.00269686
1.25631	0.00269403
1.25728	0.00269152
1.25824	0.00268941
1.2592	0.00268775
1.26016	0.00268653
1.26113	0.00268562
1.26209	0.00268474
1.26305	0.00268371
1.26401	0.00268246
1.26498	0.00268104
1.26594	0.00267949
1.2669	0.00267776
1.26786	0.00267585
1.26883	0.00267373
1.26979	0.00267143
1.27075	0.00266899
1.27172	0.00266637
1.27268	0.00266351
1.27364	0.00266042
1.2746	0.00265711
1.27557	0.00265352
1.27653	0.00264959
1.27749	0.00264539
1.27846	0.00264112
1.27942	0.00263694
1.28038	0.00263288
1.28134	0.0026289
1.28231	0.00262504
1.28327	0.0026213
1.28423	0.00261766
1.2852	0.00261411
1.28616	0.00261065
1.28712	0.00260734
1.28809	0.00260418
1.28905	0.00260114
1.29001	0.00259821
1.29097	0.00259539
1.29194	0.0025927
1.2929	0.00259018
1.29386	0.00258779
1.29483	0.00258547
1.29579	0.00258315
1.29675	0.00258085
1.29772	0.00257856
1.29868	0.00257628
1.29964	0.002574
1.30061	0.00257177
1.30157	0.00256954
1.30253	0.00256727
1.3035	0.00256502
1.30446	0.00256281
1.30542	0.00256065
1.30639	0.00255852
1.30735	0.00255646
1.30832	0.00255449
1.30928	0.00255258
1.31024	0.00255075
1.31121	0.00254893
1.31217	0.00254706
1.31313	0.00254506
1.3141	0.00254292
1.31506	0.00254067
1.31603	0.0025383
1.31699	0.0025358
1.31795	0.00253313
1.31892	0.0025303
1.31988	0.00252733
1.32085	0.00252422
1.32181	0.00252092
1.32277	0.00251742
1.32374	0.00251369
1.3247	0.00250967
1.32567	0.00250534
1.32663	0.00250068
1.32759	0.00249584
1.32856	0.00249103
1.32952	0.00248638
1.33049	0.00248194
1.33145	0.00247769
1.33241	0.00247358
1.33338	0.00246971
1.33434	0.00246607
1.33531	0.00246261
1.33627	0.00245932
1.33723	0.00245627
1.3382	0.00245348
1.33916	0.00245095
1.34013	0.00244869
1.34109	0.00244673
1.34206	0.00244513
1.34302	0.0024439
1.34399	0.00244291
1.34495	0.00244199
1.34591	0.00244101
1.34688	0.00243987
1.34784	0.00243859
1.34881	0.00243721
1.34977	0.00243573
1.35074	0.00243411
1.3517	0.00243236
1.35267	0.00243047
1.35363	0.00242848
1.3546	0.00242634
1.35556	0.00242403
1.35653	0.00242159
1.35749	0.00241902
1.35846	0.00241623
1.35942	0.00241321
1.36039	0.00241003
1.36135	0.00240678
1.36232	0.00240358
1.36328	0.00240041
1.36425	0.00239723
1.36522	0.00239405
1.36618	0.00239092
1.36715	0.00238784
1.36811	0.00238477
1.36908	0.00238171
1.37004	0.00237866
1.37101	0.00237565
1.37197	0.00237266
1.37294	0.00236968
1.3739	0.00236671
1.37487	0.00236375
1.37583	0.00236077
1.3768	0.00235779
1.37777	0.00235484
1.37873	0.00235194
1.3797	0.00234909
1.38066	0.00234628
1.38163	0.00234355
1.38259	0.00234089
1.38356	0.00233827
1.38453	0.00233571
1.38549	0.00233319
1.38646	0.00233073
1.38742	0.00232836
1.38839	0.00232605
1.38936	0.00232383
1.39032	0.00232169
1.39129	0.00231968
1.39225	0.00231783
1.39322	0.00231607
1.39419	0.00231437
1.39515	0.00231264
1.39612	0.00231082
1.39709	0.00230891
1.39805	0.00230693
1.39902	0.00230487
1.39999	0.00230273
1.40095	0.00230052
1.40192	0.00229819
1.40288	0.00229575
1.40385	0.00229324
1.40482	0.00229064
1.40578	0.00228795
1.40675	0.00228513
1.40772	0.00228216
1.40869	0.00227904
1.40965	0.00227577
1.41062	0.00227243
1.41159	0.0022691
1.41255	0.00226584
1.41352	0.00226263
1.41449	0.00225948
1.41545	0.00225637
1.41642	0.00225332
1.41739	0.00225031
1.41835	0.00224736
1.41932	0.00224447
1.42029	0.00224164
1.42126	0.00223887
1.42222	0.00223615
1.42319	0.0022335
1.42416	0.00223091
1.42512	0.0022284
1.42609	0.00222595
1.42706	0.00222355
1.42803	0.00222117
1.42899	0.0022188
1.42996	0.00221643
1.43093	0.00221407
1.4319	0.00221171
1.43286	0.00220934
1.43383	0.002207
1.4348	0.00220468
1.43577	0.00220236
1.43674	0.00220004
1.4377	0.00219774
1.43867	0.00219545
1.43964	0.00219317
1.44061	0.00219092
1.44158	0.00218871
1.44254	0.00218652
1.44351	0.00218434
1.44448	0.00218216
1.44545	0.00217995
1.44642	0.0021777
1.44738	0.00217542
1.44835	0.00217313
1.44932	0.0021708
1.45029	0.00216842
1.45126	0.002166
1.45223	0.00216356
1.45319	0.00216106
1.45416	0.00215852
1.45513	0.00215589
1.4561	0.00215319
1.45707	0.0021504
1.45804	0.0021475
1.45901	0.00214451
1.45998	0.0021415
1.46094	0.00213855
1.46191	0.00213565
1.46288	0.0021328
1.46385	0.00213004
1.46482	0.00212736
1.46579	0.00212477
1.46676	0.00212225
1.46773	0.00211982
1.4687	0.00211744
1.46967	0.00211516
1.47064	0.002113
1.4716	0.00211093
1.47257	0.00210897
1.47354	0.00210714
1.47451	0.00210546
1.47548	0.00210395
1.47645	0.0021025
1.47742	0.00210103
1.47839	0.00209954
1.47936	0.00209798
1.48033	0.00209634
1.4813	0.00209466
1.48227	0.00209293
1.48324	0.00209117
1.48421	0.00208935
1.48518	0.00208748
1.48615	0.00208557
1.48712	0.00208361
1.48809	0.00208157
1.48906	0.00207946
1.49003	0.0020773
1.491	0.00207507
1.49197	0.00207277
1.49294	0.00207042
1.49391	0.00206805
1.49489	0.00206565
1.49586	0.00206323
1.49683	0.00206079
1.4978	0.00205832
1.49877	0.00205585
1.49974	0.00205334
1.50071	0.00205078
1.50168	0.00204818
1.50265	0.00204551
1.50362	0.00204279
1.50459	0.00204001
1.50556	0.00203718
1.50653	0.00203425
1.50751	0.00203121
1.50848	0.00202808
1.50945	0.00202494
1.51042	0.00202181
1.51139	0.00201872
1.51236	0.0020157
1.51333	0.00201275
1.5143	0.00200985
1.51527	0.00200703
1.51625	0.00200427
1.51722	0.00200158
1.51819	0.00199896
1.51916	0.00199645
1.52013	0.00199402
1.5211	0.00199169
1.52208	0.00198945
1.52305	0.00198732
1.52402	0.00198531
1.52499	0.00198343
1.52596	0.00198162
1.52693	0.0019798
1.52791	0.00197795
1.52888	0.00197608
1.52985	0.00197416
1.53082	0.00197221
1.5318	0.00197022
1.53277	0.0019682
1.53374	0.00196616
1.53471	0.0019641
1.53568	0.00196199
1.53666	0.00195984
1.53763	0.00195766
1.5386	0.00195544
1.53957	0.00195318
1.54055	0.00195089
1.54152	0.00194857
1.54249	0.00194621
1.54347	0.00194387
1.54444	0.00194159
1.54541	0.00193937
1.54638	0.00193721
1.54736	0.0019351
1.54833	0.00193304
1.5493	0.00193106
1.55028	0.00192915
1.55125	0.00192731
1.55222	0.00192555
1.5532	0.00192389
1.55417	0.00192235
1.55514	0.00192094
1.55612	0.0019197
1.55709	0.00191864
1.55807	0.00191771
1.55904	0.00191677
1.56001	0.00191571
1.56099	0.00191447
1.56196	0.00191305
1.56293	0.00191143
1.56391	0.00190962
1.56488	0.00190759
1.56586	0.00190534
1.56683	0.00190286
1.56781	0.00190014
1.56878	0.00189716
1.56975	0.00189389
1.57073	0.00189032
1.5717	0.00188641
1.57268	0.00188209
1.57365	0.00187732
1.57462	0.00187222
1.5756	0.00186705
1.57657	0.001862
1.57755	0.00185717
1.57852	0.00185255
1.5795	0.00184816
1.58047	0.00184401
1.58144	0.0018401
1.58242	0.00183643
1.58339	0.00183301
1.58437	0.00182985
1.58534	0.00182697
1.58632	0.0018244
1.58729	0.00182219
1.58827	0.00182039
1.58924	0.00181909
1.59022	0.00181829
1.59119	0.0018178
1.59217	0.00181726
1.59314	0.00181645
1.59412	0.00181531
1.59509	0.00181381
1.59607	0.00181195
1.59704	0.00180973
1.59802	0.00180712
1.59899	0.00180411
1.59997	0.00180069
1.60094	0.00179687
1.60192	0.00179259
1.60289	0.00178781
1.60387	0.00178246
1.60484	0.0017765
1.60582	0.00176983
1.60679	0.0017625
1.60777	0.00175483
1.60874	0.00174717
1.60972	0.00173967
1.61069	0.00173243
1.61167	0.00172546
1.61264	0.00171876
1.61362	0.00171232
1.61459	0.00170617
1.61557	0.00170031
1.61654	0.00169475
1.61752	0.00168949
1.61849	0.00168457
1.61947	0.00168002
1.62045	0.00167588
1.62142	0.00167224
1.6224	0.00166912
1.62337	0.00166633
1.62435	0.00166351
1.62532	0.00166043
1.6263	0.00165701
1.62727	0.00165322
1.62825	0.00164903
1.62923	0.00164444
1.6302	0.00163944
1.63118	0.00163401
1.63215	0.00162814
1.63313	0.00162178
1.63411	0.00161491
1.63508	0.00160748
1.63606	0.00159945
1.63703	0.00159069
1.63801	0.00158118
1.63898	0.00157121
1.63996	0.00156114
1.64094	0.00155122
1.64191	0.00154152
1.64289	0.00153206
1.64386	0.00152286
1.64484	0.00151392
1.64582	0.00150524
1.64679	0.00149679
1.64777	0.00148862
1.64874	0.00148068
1.64972	0.00147291
1.6507	0.00146531
1.65167	0.00145784
1.65265	0.00145072
1.65363	0.00144421
1.6546	0.00143797
1.65558	0.00143177
1.65656	0.00142546
1.65753	0.00142064
1.65851	0.00141811
1.65949	0.00141629
1.66047	0.00141449
1.66145	0.00141335
1.66242	0.00141322
1.6634	0.00141463
1.66438	0.00141766
1.66536	0.00142279
1.66634	0.00142987
1.66732	0.00143909
1.6683	0.00144786
1.66928	0.00145968
1.67026	0.0014682
1.67124	0.00148438
1.67222	0.00149716
1.6732	0.00152895
1.67418	0.00152474
1.67516	0.00162612
1.67614	0.00167216
1.67712	0.00200093
1.67811	0.00167276
)
