MH104                                           
 Alfa =  12.00000 Re =   958636.000 Xflap,Yflap =     0.000000    0.000000
#    x        y        Cp  
   1.00000  0.00000  0.13322
   0.99592  0.00019  0.13267
   0.98925  0.00065  0.13172
   0.98187  0.00132  0.12996
   0.97376  0.00217  0.12787
   0.96499  0.00316  0.12516
   0.95570  0.00422  0.12108
   0.94612  0.00534  0.11603
   0.93638  0.00648  0.11056
   0.92658  0.00766  0.10468
   0.91675  0.00886  0.09847
   0.90690  0.01010  0.09187
   0.89705  0.01138  0.08489
   0.88719  0.01270  0.07744
   0.87731  0.01405  0.06958
   0.86743  0.01543  0.06130
   0.85753  0.01685  0.05249
   0.84762  0.01830  0.04321
   0.83771  0.01978  0.03338
   0.82778  0.02129  0.02299
   0.81785  0.02282  0.01211
   0.80790  0.02438  0.00062
   0.79795  0.02596 -0.01146
   0.78799  0.02756 -0.02402
   0.77802  0.02919 -0.03736
   0.76804  0.03083 -0.05115
   0.75805  0.03249 -0.06559
   0.74805  0.03417 -0.08079
   0.73804  0.03586 -0.09640
   0.72802  0.03757 -0.11296
   0.71799  0.03928 -0.12968
   0.70795  0.04101 -0.14738
   0.69791  0.04275 -0.16582
   0.68785  0.04449 -0.18465
   0.67778  0.04624 -0.20422
   0.66770  0.04799 -0.22433
   0.65763  0.04974 -0.24506
   0.64755  0.05149 -0.26645
   0.63748  0.05324 -0.28872
   0.62742  0.05498 -0.31111
   0.61737  0.05672 -0.33497
   0.60733  0.05844 -0.35855
   0.59731  0.06015 -0.38299
   0.58730  0.06185 -0.40804
   0.57730  0.06354 -0.43450
   0.56731  0.06521 -0.46103
   0.55733  0.06686 -0.48812
   0.54737  0.06849 -0.51621
   0.53742  0.07010 -0.54513
   0.52748  0.07168 -0.57399
   0.51755  0.07324 -0.60399
   0.50763  0.07478 -0.63629
   0.49773  0.07628 -0.66747
   0.48784  0.07775 -0.70025
   0.47797  0.07919 -0.73428
   0.46811  0.08059 -0.76883
   0.45826  0.08195 -0.80413
   0.44844  0.08327 -0.84046
   0.43862  0.08455 -0.87906
   0.42883  0.08578 -0.91624
   0.41905  0.08697 -0.95803
   0.40929  0.08810 -0.99829
   0.39955  0.08918 -1.04093
   0.38983  0.09020 -1.08441
   0.38012  0.09116 -1.12863
   0.37045  0.09206 -1.17531
   0.36080  0.09290 -1.22661
   0.35119  0.09366 -1.27656
   0.34164  0.09434 -1.32809
   0.33215  0.09494 -1.38198
   0.32272  0.09545 -1.44004
   0.31335  0.09585 -1.48974
   0.30404  0.09615 -1.54352
   0.29478  0.09635 -1.60170
   0.28556  0.09642 -1.64498
   0.27638  0.09638 -1.69483
   0.26723  0.09622 -1.74093
   0.25808  0.09594 -1.78516
   0.24894  0.09553 -1.82253
   0.23979  0.09500 -1.86140
   0.23065  0.09435 -1.89606
   0.22151  0.09359 -1.94197
   0.21239  0.09270 -1.97535
   0.20330  0.09170 -2.01729
   0.19426  0.09058 -2.05777
   0.18526  0.08934 -2.10199
   0.17632  0.08798 -2.14495
   0.16743  0.08649 -2.18427
   0.15862  0.08488 -2.23269
   0.14988  0.08314 -2.27022
   0.14121  0.08127 -2.31522
   0.13263  0.07927 -2.35872
   0.12416  0.07714 -2.40171
   0.11579  0.07487 -2.43671
   0.10756  0.07248 -2.50314
   0.09948  0.06995 -2.58495
   0.09157  0.06730 -2.75083
   0.08388  0.06453 -2.80760
   0.07641  0.06164 -2.85706
   0.06922  0.05866 -2.91485
   0.06234  0.05559 -2.97510
   0.05581  0.05246 -3.03975
   0.04967  0.04930 -3.10656
   0.04395  0.04614 -3.17738
   0.03869  0.04301 -3.24471
   0.03391  0.03996 -3.31450
   0.02960  0.03702 -3.38529
   0.02574  0.03420 -3.46228
   0.02232  0.03152 -3.52964
   0.01930  0.02898 -3.59038
   0.01663  0.02659 -3.66662
   0.01427  0.02434 -3.74252
   0.01219  0.02221 -3.81509
   0.01036  0.02020 -3.87781
   0.00875  0.01831 -3.95833
   0.00732  0.01651 -4.02981
   0.00606  0.01480 -4.10975
   0.00495  0.01317 -4.19601
   0.00398  0.01163 -4.29876
   0.00314  0.01015 -4.36064
   0.00241  0.00873 -4.45519
   0.00180  0.00737 -4.48668
   0.00127  0.00605 -4.61340
   0.00084  0.00479 -4.66248
   0.00050  0.00357 -4.77519
   0.00025  0.00239 -4.86784
   0.00008  0.00126 -5.03608
   0.00000  0.00016 -5.24728
   0.00005 -0.00093 -5.29613
   0.00026 -0.00202 -5.01685
   0.00070 -0.00309 -3.64057
   0.00131 -0.00414 -2.55977
   0.00206 -0.00518 -1.70816
   0.00292 -0.00621 -1.12542
   0.00391 -0.00725 -0.60788
   0.00501 -0.00831 -0.27454
   0.00623 -0.00939  0.00699
   0.00759 -0.01050  0.24175
   0.00911 -0.01165  0.42483
   0.01079 -0.01283  0.57493
   0.01267 -0.01406  0.69615
   0.01477 -0.01533  0.79015
   0.01711 -0.01667  0.86588
   0.01973 -0.01807  0.92082
   0.02267 -0.01956  0.95780
   0.02598 -0.02114  0.98452
   0.02972 -0.02281  0.99736
   0.03393 -0.02457  1.00008
   0.03867 -0.02642  0.99300
   0.04399 -0.02837  0.97785
   0.04990 -0.03037  0.95504
   0.05636 -0.03241  0.92764
   0.06334 -0.03446  0.89567
   0.07076 -0.03647  0.86126
   0.07856 -0.03843  0.82453
   0.08664 -0.04030  0.78930
   0.09498 -0.04207  0.75305
   0.10350 -0.04374  0.71904
   0.11218 -0.04529  0.68550
   0.12099 -0.04672  0.65408
   0.12991 -0.04804  0.62430
   0.13892 -0.04925  0.59571
   0.14801 -0.05035  0.56875
   0.15717 -0.05134  0.54343
   0.16640 -0.05222  0.52098
   0.17569 -0.05300  0.50078
   0.18505 -0.05369  0.47960
   0.19447 -0.05429  0.46197
   0.20395 -0.05480  0.44466
   0.21349 -0.05523  0.43010
   0.22308 -0.05559  0.41437
   0.23273 -0.05588  0.40125
   0.24241 -0.05610  0.38799
   0.25213 -0.05625  0.37685
   0.26188 -0.05635  0.36596
   0.27166 -0.05639  0.35545
   0.28147 -0.05638  0.34566
   0.29130 -0.05632  0.33582
   0.30116 -0.05621  0.32723
   0.31104 -0.05605  0.31957
   0.32094 -0.05585  0.31186
   0.33086 -0.05561  0.30546
   0.34080 -0.05533  0.29832
   0.35076 -0.05502  0.29136
   0.36074 -0.05467  0.28622
   0.37074 -0.05429  0.28046
   0.38074 -0.05389  0.27448
   0.39077 -0.05345  0.26936
   0.40080 -0.05299  0.26417
   0.41084 -0.05250  0.25975
   0.42090 -0.05199  0.25497
   0.43097 -0.05146  0.25029
   0.44105 -0.05091  0.24594
   0.45114 -0.05034  0.24132
   0.46123 -0.04975  0.23777
   0.47134 -0.04914  0.23336
   0.48145 -0.04852  0.23001
   0.49156 -0.04789  0.22505
   0.50167 -0.04724  0.22107
   0.51178 -0.04657  0.21762
   0.52190 -0.04590  0.21255
   0.53201 -0.04520  0.21031
   0.54211 -0.04450  0.20537
   0.55222 -0.04378  0.20157
   0.56233 -0.04304  0.19868
   0.57244 -0.04229  0.19529
   0.58255 -0.04153  0.19187
   0.59266 -0.04076  0.18816
   0.60278 -0.03997  0.18501
   0.61290 -0.03916  0.18269
   0.62302 -0.03835  0.17977
   0.63315 -0.03753  0.17583
   0.64328 -0.03669  0.17353
   0.65341 -0.03584  0.17056
   0.66354 -0.03498  0.16821
   0.67367 -0.03411  0.16571
   0.68380 -0.03324  0.16204
   0.69393 -0.03235  0.15961
   0.70407 -0.03145  0.15691
   0.71420 -0.03054  0.15487
   0.72433 -0.02963  0.15118
   0.73446 -0.02870  0.14894
   0.74460 -0.02776  0.14684
   0.75473 -0.02682  0.14400
   0.76486 -0.02587  0.14043
   0.77499 -0.02490  0.13930
   0.78512 -0.02393  0.13610
   0.79525 -0.02295  0.13338
   0.80538 -0.02196  0.13133
   0.81550 -0.02097  0.12767
   0.82562 -0.01996  0.12522
   0.83574 -0.01894  0.12308
   0.84585 -0.01792  0.11934
   0.85596 -0.01688  0.11766
   0.86606 -0.01584  0.11340
   0.87615 -0.01478  0.11114
   0.88623 -0.01371  0.10857
   0.89629 -0.01264  0.10486
   0.90632 -0.01155  0.10171
   0.91630 -0.01045  0.09829
   0.92621 -0.00934  0.09528
   0.93602 -0.00822  0.09128
   0.94567 -0.00708  0.08978
   0.95513 -0.00592  0.08951
   0.96431 -0.00475  0.09183
   0.97311 -0.00357  0.09987
   0.98142 -0.00244  0.11043
   0.98906 -0.00140  0.12044
   1.00000  0.00000  0.13322
