MH61                                            
 Alfa =   4.00000 Re =  1341790.000 Xflap,Yflap =     0.000000    0.000000
#    x        y        Cp  
   1.00000  0.00000  0.11228
   0.99624 -0.00023  0.11856
   0.98929 -0.00051  0.14217
   0.98156 -0.00063  0.15370
   0.97340 -0.00056  0.15798
   0.96502 -0.00034  0.15820
   0.95655  0.00000  0.15547
   0.94800  0.00043  0.15182
   0.93942  0.00095  0.14733
   0.93082  0.00154  0.14184
   0.92221  0.00220  0.13598
   0.91359  0.00291  0.12991
   0.90497  0.00369  0.12200
   0.89633  0.00453  0.11470
   0.88769  0.00542  0.10584
   0.87904  0.00635  0.09708
   0.87039  0.00733  0.08842
   0.86172  0.00836  0.07768
   0.85306  0.00942  0.06787
   0.84438  0.01051  0.05791
   0.83570  0.01163  0.04624
   0.82702  0.01278  0.03667
   0.81833  0.01397  0.02396
   0.80963  0.01516  0.01347
   0.80094  0.01639  0.00097
   0.79224  0.01762 -0.01022
   0.78353  0.01887 -0.02190
   0.77482  0.02015 -0.03546
   0.76611  0.02143 -0.04784
   0.75740  0.02273 -0.06040
   0.74867  0.02403 -0.07329
   0.73995  0.02534 -0.08770
   0.73122  0.02666 -0.10014
   0.72248  0.02798 -0.11434
   0.71374  0.02930 -0.12882
   0.70501  0.03063 -0.14359
   0.69628  0.03194 -0.15800
   0.68756  0.03324 -0.17142
   0.67884  0.03455 -0.18788
   0.67014  0.03583 -0.20174
   0.66143  0.03710 -0.21753
   0.65274  0.03836 -0.23184
   0.64404  0.03959 -0.24596
   0.63534  0.04081 -0.26037
   0.62665  0.04200 -0.27422
   0.61796  0.04318 -0.28872
   0.60927  0.04433 -0.30168
   0.60058  0.04545 -0.31635
   0.59189  0.04655 -0.32802
   0.58319  0.04763 -0.34404
   0.57450  0.04867 -0.35355
   0.56581  0.04969 -0.36772
   0.55711  0.05068 -0.38014
   0.54841  0.05164 -0.39209
   0.53971  0.05257 -0.40379
   0.53101  0.05347 -0.41677
   0.52231  0.05433 -0.42552
   0.51361  0.05517 -0.43934
   0.50491  0.05598 -0.45066
   0.49620  0.05674 -0.45714
   0.48749  0.05749 -0.47092
   0.47878  0.05819 -0.48085
   0.47007  0.05886 -0.48572
   0.46136  0.05951 -0.50036
   0.45264  0.06010 -0.50469
   0.44393  0.06067 -0.51245
   0.43521  0.06121 -0.52162
   0.42649  0.06171 -0.53069
   0.41778  0.06217 -0.53964
   0.40906  0.06260 -0.56280
   0.40034  0.06298 -0.59383
   0.39162  0.06334 -0.63136
   0.38290  0.06365 -0.63920
   0.37418  0.06393 -0.64390
   0.36547  0.06417 -0.65123
   0.35675  0.06437 -0.65835
   0.34804  0.06452 -0.66642
   0.33932  0.06464 -0.67535
   0.33061  0.06471 -0.68404
   0.32190  0.06474 -0.69306
   0.31320  0.06473 -0.70340
   0.30450  0.06467 -0.71296
   0.29581  0.06457 -0.72407
   0.28712  0.06442 -0.73339
   0.27843  0.06422 -0.74511
   0.26976  0.06396 -0.75489
   0.26109  0.06366 -0.76582
   0.25242  0.06331 -0.77769
   0.24377  0.06290 -0.78810
   0.23513  0.06243 -0.79950
   0.22649  0.06190 -0.81004
   0.21787  0.06131 -0.82204
   0.20926  0.06065 -0.83270
   0.20067  0.05993 -0.84183
   0.19209  0.05914 -0.85452
   0.18352  0.05828 -0.86423
   0.17498  0.05735 -0.87568
   0.16646  0.05634 -0.88525
   0.15795  0.05525 -0.89632
   0.14947  0.05408 -0.90402
   0.14101  0.05282 -0.91504
   0.13258  0.05148 -0.92553
   0.12418  0.05004 -0.93379
   0.11582  0.04850 -0.94152
   0.10749  0.04687 -0.95495
   0.09922  0.04514 -0.96653
   0.09100  0.04329 -0.97497
   0.08285  0.04132 -0.98659
   0.07477  0.03923 -1.00099
   0.06679  0.03700 -1.01468
   0.05893  0.03463 -1.02799
   0.05121  0.03210 -1.03652
   0.04367  0.02940 -1.05080
   0.03636  0.02653 -1.06531
   0.02937  0.02348 -1.07354
   0.02285  0.02030 -1.08360
   0.01700  0.01705 -1.08895
   0.01215  0.01396 -1.08331
   0.00844  0.01121 -1.07285
   0.00576  0.00889 -1.03781
   0.00386  0.00698 -1.01614
   0.00251  0.00537 -0.95230
   0.00154  0.00401 -0.92146
   0.00085  0.00280 -0.84426
   0.00037  0.00172 -0.78151
   0.00008  0.00074 -0.75608
   0.00000 -0.00018 -0.57331
   0.00023 -0.00107  0.11618
   0.00080 -0.00195  0.68812
   0.00162 -0.00286  0.90523
   0.00271 -0.00383  0.98657
   0.00415 -0.00492  0.99939
   0.00607 -0.00617  0.96889
   0.00871 -0.00767  0.90648
   0.01237 -0.00947  0.81719
   0.01730 -0.01151  0.72076
   0.02349 -0.01369  0.62655
   0.03055 -0.01587  0.54065
   0.03809 -0.01790  0.46730
   0.04593 -0.01978  0.40929
   0.05394 -0.02149  0.35794
   0.06209 -0.02306  0.31547
   0.07033 -0.02449  0.27860
   0.07865 -0.02579  0.24740
   0.08702 -0.02699  0.22109
   0.09545 -0.02808  0.19739
   0.10392 -0.02908  0.17656
   0.11242 -0.02998  0.15858
   0.12096 -0.03080  0.14198
   0.12953 -0.03155  0.12834
   0.13812 -0.03221  0.11763
   0.14673 -0.03282  0.10566
   0.15536 -0.03336  0.09781
   0.16401 -0.03385  0.08837
   0.17267 -0.03428  0.08066
   0.18134 -0.03466  0.07335
   0.19003 -0.03499  0.06883
   0.19873 -0.03527  0.06419
   0.20743 -0.03552  0.05763
   0.21615 -0.03571  0.05457
   0.22487 -0.03587  0.05204
   0.23360 -0.03600  0.04795
   0.24234 -0.03608  0.04473
   0.25108 -0.03613  0.04397
   0.25983 -0.03615  0.04199
   0.26858 -0.03615  0.03945
   0.27734 -0.03611  0.03939
   0.28610 -0.03605  0.03744
   0.29487 -0.03597  0.03711
   0.30364 -0.03586  0.03550
   0.31242 -0.03572  0.03572
   0.32120 -0.03556  0.03582
   0.32998 -0.03539  0.03531
   0.33876 -0.03519  0.03612
   0.34755 -0.03499  0.03483
   0.35634 -0.03475  0.03607
   0.36513 -0.03451  0.03656
   0.37393 -0.03425  0.03619
   0.38273 -0.03398  0.03613
   0.39153 -0.03368  0.03783
   0.40033 -0.03339  0.03721
   0.40913 -0.03308  0.03838
   0.41794 -0.03275  0.03826
   0.42675 -0.03241  0.04028
   0.43556 -0.03207  0.04029
   0.44437 -0.03171  0.04171
   0.45318 -0.03136  0.04107
   0.46199 -0.03099  0.04240
   0.47081 -0.03062  0.04226
   0.47962 -0.03022  0.04423
   0.48844 -0.02984  0.04362
   0.49726 -0.02944  0.04520
   0.50608 -0.02904  0.04538
   0.51490 -0.02863  0.04657
   0.52372 -0.02821  0.04722
   0.53254 -0.02780  0.04725
   0.54136 -0.02738  0.04746
   0.55018 -0.02695  0.04932
   0.55901 -0.02652  0.04922
   0.56783 -0.02609  0.04993
   0.57665 -0.02565  0.05066
   0.58548 -0.02521  0.05131
   0.59430 -0.02476  0.05178
   0.60313 -0.02432  0.05157
   0.61195 -0.02387  0.05261
   0.62078 -0.02342  0.05255
   0.62960 -0.02296  0.05390
   0.63843 -0.02251  0.05374
   0.64726 -0.02205  0.05435
   0.65608 -0.02159  0.05475
   0.66491 -0.02112  0.05589
   0.67374 -0.02066  0.05545
   0.68256 -0.02019  0.05667
   0.69139 -0.01972  0.05665
   0.70021 -0.01925  0.05752
   0.70904 -0.01878  0.05722
   0.71787 -0.01830  0.05833
   0.72669 -0.01782  0.05904
   0.73552 -0.01734  0.05924
   0.74435 -0.01686  0.05995
   0.75317 -0.01638  0.06035
   0.76200 -0.01590  0.06028
   0.77082 -0.01541  0.06123
   0.77965 -0.01492  0.06199
   0.78847 -0.01443  0.06220
   0.79729 -0.01393  0.06340
   0.80612 -0.01344  0.06367
   0.81494 -0.01294  0.06457
   0.82377 -0.01244  0.06542
   0.83259 -0.01194  0.06594
   0.84142 -0.01143  0.06763
   0.85024 -0.01093  0.06744
   0.85906 -0.01041  0.06972
   0.86787 -0.00990  0.07016
   0.87669 -0.00938  0.07175
   0.88550 -0.00886  0.07281
   0.89432 -0.00833  0.07529
   0.90312 -0.00780  0.07666
   0.91193 -0.00725  0.08006
   0.92072 -0.00670  0.08267
   0.92950 -0.00614  0.08635
   0.93827 -0.00557  0.09089
   0.94703 -0.00498  0.09547
   0.95576 -0.00436  0.10106
   0.96441 -0.00371  0.10648
   0.97295 -0.00303  0.11047
   0.98127 -0.00226  0.11285
   0.98913 -0.00140  0.11380
   0.99622 -0.00051  0.11333
   1.00000  0.00000  0.11228
