MH104                                           
 Alfa =   4.00000 Re =  2081144.000 Xflap,Yflap =     0.000000    0.000000
#    x        y        Cp  
   1.00000  0.00000  0.30149
   0.99592  0.00019  0.29195
   0.98925  0.00065  0.27203
   0.98187  0.00132  0.25466
   0.97376  0.00217  0.23640
   0.96499  0.00316  0.21711
   0.95570  0.00422  0.20088
   0.94612  0.00534  0.18493
   0.93638  0.00648  0.17273
   0.92658  0.00766  0.16025
   0.91675  0.00886  0.15012
   0.90690  0.01010  0.13970
   0.89705  0.01138  0.12920
   0.88719  0.01270  0.11820
   0.87731  0.01405  0.10785
   0.86743  0.01543  0.09776
   0.85753  0.01685  0.08678
   0.84762  0.01830  0.07619
   0.83771  0.01978  0.06499
   0.82778  0.02129  0.05358
   0.81785  0.02282  0.04260
   0.80790  0.02438  0.03097
   0.79795  0.02596  0.01922
   0.78799  0.02756  0.00788
   0.77802  0.02919 -0.00519
   0.76804  0.03083 -0.01691
   0.75805  0.03249 -0.02932
   0.74805  0.03417 -0.04291
   0.73804  0.03586 -0.05527
   0.72802  0.03757 -0.06983
   0.71799  0.03928 -0.08186
   0.70795  0.04101 -0.09634
   0.69791  0.04275 -0.11149
   0.68785  0.04449 -0.12523
   0.67778  0.04624 -0.14043
   0.66770  0.04799 -0.15507
   0.65763  0.04974 -0.17037
   0.64755  0.05149 -0.18567
   0.63748  0.05324 -0.20243
   0.62742  0.05498 -0.21771
   0.61737  0.05672 -0.23613
   0.60733  0.05844 -0.25173
   0.59731  0.06015 -0.26875
   0.58730  0.06185 -0.28579
   0.57730  0.06354 -0.30519
   0.56731  0.06521 -0.32324
   0.55733  0.06686 -0.34131
   0.54737  0.06849 -0.36043
   0.53742  0.07010 -0.38053
   0.52748  0.07168 -0.39845
   0.51755  0.07324 -0.41817
   0.50763  0.07478 -0.44094
   0.49773  0.07628 -0.46056
   0.48784  0.07775 -0.48113
   0.47797  0.07919 -0.50363
   0.46811  0.08059 -0.52557
   0.45826  0.08195 -0.54652
   0.44844  0.08327 -0.56922
   0.43862  0.08455 -0.59229
   0.42883  0.08578 -0.61297
   0.41905  0.08697 -0.63909
   0.40929  0.08810 -0.65856
   0.39955  0.08918 -0.68053
   0.38983  0.09020 -0.70026
   0.38012  0.09116 -0.71661
   0.37045  0.09206 -0.74295
   0.36080  0.09290 -0.82551
   0.35119  0.09366 -0.93506
   0.34164  0.09434 -0.94827
   0.33215  0.09494 -0.96207
   0.32272  0.09545 -0.97718
   0.31335  0.09585 -0.99409
   0.30404  0.09615 -1.01349
   0.29478  0.09635 -1.03645
   0.28556  0.09642 -1.05621
   0.27638  0.09638 -1.07725
   0.26723  0.09622 -1.09564
   0.25808  0.09594 -1.11295
   0.24894  0.09553 -1.12449
   0.23979  0.09500 -1.13554
   0.23065  0.09435 -1.14403
   0.22151  0.09359 -1.15697
   0.21239  0.09270 -1.16206
   0.20330  0.09170 -1.17215
   0.19426  0.09058 -1.17896
   0.18526  0.08934 -1.18628
   0.17632  0.08798 -1.19309
   0.16743  0.08649 -1.19664
   0.15862  0.08488 -1.20090
   0.14988  0.08314 -1.20276
   0.14121  0.08127 -1.20324
   0.13263  0.07927 -1.20375
   0.12416  0.07714 -1.20146
   0.11579  0.07487 -1.19659
   0.10756  0.07248 -1.19449
   0.09948  0.06995 -1.18383
   0.09157  0.06730 -1.17774
   0.08388  0.06453 -1.16499
   0.07641  0.06164 -1.14836
   0.06922  0.05866 -1.13269
   0.06234  0.05559 -1.10817
   0.05581  0.05246 -1.07919
   0.04967  0.04930 -1.04645
   0.04395  0.04614 -1.01242
   0.03869  0.04301 -0.96403
   0.03391  0.03996 -0.91605
   0.02960  0.03702 -0.86822
   0.02574  0.03420 -0.82041
   0.02232  0.03152 -0.76447
   0.01930  0.02898 -0.69486
   0.01663  0.02659 -0.64123
   0.01427  0.02434 -0.58471
   0.01219  0.02221 -0.52266
   0.01036  0.02020 -0.44984
   0.00875  0.01831 -0.39019
   0.00732  0.01651 -0.32337
   0.00606  0.01480 -0.25758
   0.00495  0.01317 -0.18499
   0.00398  0.01163 -0.12823
   0.00314  0.01015 -0.04870
   0.00241  0.00873  0.02206
   0.00180  0.00737  0.11926
   0.00127  0.00605  0.18739
   0.00084  0.00479  0.27210
   0.00050  0.00357  0.36116
   0.00025  0.00239  0.45041
   0.00008  0.00126  0.52577
   0.00000  0.00016  0.60771
   0.00005 -0.00093  0.70703
   0.00026 -0.00202  0.81449
   0.00070 -0.00309  0.92671
   0.00131 -0.00414  0.97941
   0.00206 -0.00518  0.99932
   0.00292 -0.00621  0.99775
   0.00391 -0.00725  0.98357
   0.00501 -0.00831  0.96080
   0.00623 -0.00939  0.92866
   0.00759 -0.01050  0.89656
   0.00911 -0.01165  0.85807
   0.01079 -0.01283  0.81739
   0.01267 -0.01406  0.77473
   0.01477 -0.01533  0.73523
   0.01711 -0.01667  0.69066
   0.01973 -0.01807  0.64919
   0.02267 -0.01956  0.60213
   0.02598 -0.02114  0.55364
   0.02972 -0.02281  0.50791
   0.03393 -0.02457  0.45949
   0.03867 -0.02642  0.41424
   0.04399 -0.02837  0.36336
   0.04990 -0.03037  0.32020
   0.05636 -0.03241  0.27504
   0.06334 -0.03446  0.23035
   0.07076 -0.03647  0.19254
   0.07856 -0.03843  0.15327
   0.08664 -0.04030  0.11812
   0.09498 -0.04207  0.08864
   0.10350 -0.04374  0.05821
   0.11218 -0.04529  0.03387
   0.12099 -0.04672  0.01239
   0.12991 -0.04804 -0.00707
   0.13892 -0.04925 -0.02490
   0.14801 -0.05035 -0.04024
   0.15717 -0.05134 -0.05333
   0.16640 -0.05222 -0.06315
   0.17569 -0.05300 -0.07085
   0.18505 -0.05369 -0.07805
   0.19447 -0.05429 -0.08370
   0.20395 -0.05480 -0.08722
   0.21349 -0.05523 -0.08899
   0.22308 -0.05559 -0.09167
   0.23273 -0.05588 -0.09359
   0.24241 -0.05610 -0.09459
   0.25213 -0.05625 -0.09311
   0.26188 -0.05635 -0.09363
   0.27166 -0.05639 -0.09260
   0.28147 -0.05638 -0.09188
   0.29130 -0.05632 -0.09146
   0.30116 -0.05621 -0.09010
   0.31104 -0.05605 -0.08738
   0.32094 -0.05585 -0.08582
   0.33086 -0.05561 -0.08326
   0.34080 -0.05533 -0.08056
   0.35076 -0.05502 -0.07886
   0.36074 -0.05467 -0.07577
   0.37074 -0.05429 -0.07286
   0.38074 -0.05389 -0.07159
   0.39077 -0.05345 -0.06803
   0.40080 -0.05299 -0.06577
   0.41084 -0.05250 -0.06288
   0.42090 -0.05199 -0.05997
   0.43097 -0.05146 -0.05778
   0.44105 -0.05091 -0.05537
   0.45114 -0.05034 -0.05310
   0.46123 -0.04975 -0.05039
   0.47134 -0.04914 -0.04780
   0.48145 -0.04852 -0.04550
   0.49156 -0.04789 -0.04425
   0.50167 -0.04724 -0.04210
   0.51178 -0.04657 -0.03937
   0.52190 -0.04590 -0.03908
   0.53201 -0.04520 -0.03562
   0.54211 -0.04450 -0.03499
   0.55222 -0.04378 -0.03330
   0.56233 -0.04304 -0.03054
   0.57244 -0.04229 -0.02866
   0.58255 -0.04153 -0.02672
   0.59266 -0.04076 -0.02539
   0.60278 -0.03997 -0.02317
   0.61290 -0.03916 -0.02019
   0.62302 -0.03835 -0.01826
   0.63315 -0.03753 -0.01685
   0.64328 -0.03669 -0.01427
   0.65341 -0.03584 -0.01190
   0.66354 -0.03498 -0.00954
   0.67367 -0.03411 -0.00697
   0.68380 -0.03324 -0.00563
   0.69393 -0.03235 -0.00304
   0.70407 -0.03145 -0.00081
   0.71420 -0.03054  0.00197
   0.72433 -0.02963  0.00353
   0.73446 -0.02870  0.00627
   0.74460 -0.02776  0.00902
   0.75473 -0.02682  0.01114
   0.76486 -0.02587  0.01306
   0.77499 -0.02490  0.01647
   0.78512 -0.02393  0.01864
   0.79525 -0.02295  0.02117
   0.80538 -0.02196  0.02408
   0.81550 -0.02097  0.02609
   0.82562 -0.01996  0.02892
   0.83574 -0.01894  0.03196
   0.84585 -0.01792  0.03417
   0.85596 -0.01688  0.03745
   0.86606 -0.01584  0.03957
   0.87615 -0.01478  0.04265
   0.88623 -0.01371  0.04552
   0.89629 -0.01264  0.04765
   0.90632 -0.01155  0.04997
   0.91630 -0.01045  0.05181
   0.92621 -0.00934  0.05250
   0.93602 -0.00822  0.06335
   0.94567 -0.00708  0.08372
   0.95513 -0.00592  0.10440
   0.96431 -0.00475  0.12352
   0.97311 -0.00357  0.14838
   0.98142 -0.00244  0.17568
   0.98906 -0.00140  0.20661
   1.00000  0.00000  0.30149
