MH61                                            
 Alfa =   4.00000 Re =   958421.000 Xflap,Yflap =     0.000000    0.000000
#    x        y        Cp  
   1.00000  0.00000  0.11294
   0.99624 -0.00023  0.11877
   0.98929 -0.00051  0.14135
   0.98156 -0.00063  0.15249
   0.97340 -0.00056  0.15666
   0.96502 -0.00034  0.15690
   0.95655  0.00000  0.15424
   0.94800  0.00043  0.15065
   0.93942  0.00095  0.14624
   0.93082  0.00154  0.14082
   0.92221  0.00220  0.13503
   0.91359  0.00291  0.12901
   0.90497  0.00369  0.12120
   0.89633  0.00453  0.11395
   0.88769  0.00542  0.10519
   0.87904  0.00635  0.09651
   0.87039  0.00733  0.08789
   0.86172  0.00836  0.07728
   0.85306  0.00942  0.06753
   0.84438  0.01051  0.05762
   0.83570  0.01163  0.04608
   0.82702  0.01278  0.03652
   0.81833  0.01397  0.02393
   0.80963  0.01516  0.01347
   0.80094  0.01639  0.00108
   0.79224  0.01762 -0.01007
   0.78353  0.01887 -0.02170
   0.77482  0.02015 -0.03515
   0.76611  0.02143 -0.04747
   0.75740  0.02273 -0.05997
   0.74867  0.02403 -0.07279
   0.73995  0.02534 -0.08710
   0.73122  0.02666 -0.09950
   0.72248  0.02798 -0.11360
   0.71374  0.02930 -0.12798
   0.70501  0.03063 -0.14264
   0.69628  0.03194 -0.15696
   0.68756  0.03324 -0.17030
   0.67884  0.03455 -0.18661
   0.67014  0.03583 -0.20038
   0.66143  0.03710 -0.21602
   0.65274  0.03836 -0.23018
   0.64404  0.03959 -0.24416
   0.63534  0.04081 -0.25840
   0.62665  0.04200 -0.27207
   0.61796  0.04318 -0.28636
   0.60927  0.04433 -0.29909
   0.60058  0.04545 -0.31348
   0.59189  0.04655 -0.32489
   0.58319  0.04763 -0.34053
   0.57450  0.04867 -0.34970
   0.56581  0.04969 -0.36342
   0.55711  0.05068 -0.37533
   0.54841  0.05164 -0.38668
   0.53971  0.05257 -0.39770
   0.53101  0.05347 -0.40982
   0.52231  0.05433 -0.41772
   0.51361  0.05517 -0.43028
   0.50491  0.05598 -0.44021
   0.49620  0.05674 -0.44549
   0.48749  0.05749 -0.45732
   0.47878  0.05819 -0.46580
   0.47007  0.05886 -0.47147
   0.46136  0.05951 -0.48799
   0.45264  0.06010 -0.50499
   0.44393  0.06067 -0.53574
   0.43521  0.06121 -0.57356
   0.42649  0.06171 -0.59795
   0.41778  0.06217 -0.60137
   0.40906  0.06260 -0.60745
   0.40034  0.06298 -0.61357
   0.39162  0.06334 -0.62087
   0.38290  0.06365 -0.62848
   0.37418  0.06393 -0.63655
   0.36547  0.06417 -0.64554
   0.35675  0.06437 -0.65410
   0.34804  0.06452 -0.66311
   0.33932  0.06464 -0.67267
   0.33061  0.06471 -0.68197
   0.32190  0.06474 -0.69147
   0.31320  0.06473 -0.70202
   0.30450  0.06467 -0.71192
   0.29581  0.06457 -0.72310
   0.28712  0.06442 -0.73275
   0.27843  0.06422 -0.74444
   0.26976  0.06396 -0.75445
   0.26109  0.06366 -0.76547
   0.25242  0.06331 -0.77729
   0.24377  0.06290 -0.78783
   0.23513  0.06243 -0.79923
   0.22649  0.06190 -0.80985
   0.21787  0.06131 -0.82177
   0.20926  0.06065 -0.83247
   0.20067  0.05993 -0.84182
   0.19209  0.05914 -0.85430
   0.18352  0.05828 -0.86414
   0.17498  0.05735 -0.87550
   0.16646  0.05634 -0.88514
   0.15795  0.05525 -0.89611
   0.14947  0.05408 -0.90405
   0.14101  0.05282 -0.91496
   0.13258  0.05148 -0.92539
   0.12418  0.05004 -0.93378
   0.11582  0.04850 -0.94178
   0.10749  0.04687 -0.95494
   0.09922  0.04514 -0.96645
   0.09100  0.04329 -0.97514
   0.08285  0.04132 -0.98682
   0.07477  0.03923 -1.00103
   0.06679  0.03700 -1.01465
   0.05893  0.03463 -1.02780
   0.05121  0.03210 -1.03663
   0.04367  0.02940 -1.05078
   0.03636  0.02653 -1.06504
   0.02937  0.02348 -1.07342
   0.02285  0.02030 -1.08330
   0.01700  0.01705 -1.08844
   0.01215  0.01396 -1.08279
   0.00844  0.01121 -1.07161
   0.00576  0.00889 -1.03737
   0.00386  0.00698 -1.01399
   0.00251  0.00537 -0.95175
   0.00154  0.00401 -0.91893
   0.00085  0.00280 -0.84260
   0.00037  0.00172 -0.78095
   0.00008  0.00074 -0.75328
   0.00000 -0.00018 -0.56469
   0.00023 -0.00107  0.12187
   0.00080 -0.00195  0.68936
   0.00162 -0.00286  0.90577
   0.00271 -0.00383  0.98668
   0.00415 -0.00492  0.99937
   0.00607 -0.00617  0.96878
   0.00871 -0.00767  0.90641
   0.01237 -0.00947  0.81706
   0.01730 -0.01151  0.72065
   0.02349 -0.01369  0.62643
   0.03055 -0.01587  0.54056
   0.03809 -0.01790  0.46721
   0.04593 -0.01978  0.40913
   0.05394 -0.02149  0.35786
   0.06209 -0.02306  0.31535
   0.07033 -0.02449  0.27850
   0.07865 -0.02579  0.24727
   0.08702 -0.02699  0.22095
   0.09545 -0.02808  0.19726
   0.10392 -0.02908  0.17644
   0.11242 -0.02998  0.15843
   0.12096 -0.03080  0.14187
   0.12953 -0.03155  0.12821
   0.13812 -0.03221  0.11740
   0.14673 -0.03282  0.10556
   0.15536 -0.03336  0.09757
   0.16401 -0.03385  0.08821
   0.17267 -0.03428  0.08049
   0.18134 -0.03466  0.07323
   0.19003 -0.03499  0.06858
   0.19873 -0.03527  0.06393
   0.20743 -0.03552  0.05752
   0.21615 -0.03571  0.05436
   0.22487 -0.03587  0.05175
   0.23360 -0.03600  0.04775
   0.24234 -0.03608  0.04458
   0.25108 -0.03613  0.04367
   0.25983 -0.03615  0.04171
   0.26858 -0.03615  0.03926
   0.27734 -0.03611  0.03907
   0.28610 -0.03605  0.03720
   0.29487 -0.03597  0.03681
   0.30364 -0.03586  0.03529
   0.31242 -0.03572  0.03543
   0.32120 -0.03556  0.03549
   0.32998 -0.03539  0.03502
   0.33876 -0.03519  0.03574
   0.34755 -0.03499  0.03459
   0.35634 -0.03475  0.03570
   0.36513 -0.03451  0.03617
   0.37393 -0.03425  0.03587
   0.38273 -0.03398  0.03584
   0.39153 -0.03368  0.03740
   0.40033 -0.03339  0.03690
   0.40913 -0.03308  0.03799
   0.41794 -0.03275  0.03796
   0.42675 -0.03241  0.03982
   0.43556 -0.03207  0.03991
   0.44437 -0.03171  0.04124
   0.45318 -0.03136  0.04073
   0.46199 -0.03099  0.04197
   0.47081 -0.03062  0.04192
   0.47962 -0.03022  0.04373
   0.48844 -0.02984  0.04327
   0.49726 -0.02944  0.04473
   0.50608 -0.02904  0.04497
   0.51490 -0.02863  0.04610
   0.52372 -0.02821  0.04674
   0.53254 -0.02780  0.04684
   0.54136 -0.02738  0.04709
   0.55018 -0.02695  0.04880
   0.55901 -0.02652  0.04878
   0.56783 -0.02609  0.04948
   0.57665 -0.02565  0.05018
   0.58548 -0.02521  0.05082
   0.59430 -0.02476  0.05129
   0.60313 -0.02432  0.05115
   0.61195 -0.02387  0.05212
   0.62078 -0.02342  0.05213
   0.62960 -0.02296  0.05337
   0.63843 -0.02251  0.05329
   0.64726 -0.02205  0.05387
   0.65608 -0.02159  0.05428
   0.66491 -0.02112  0.05533
   0.67374 -0.02066  0.05501
   0.68256 -0.02019  0.05612
   0.69139 -0.01972  0.05616
   0.70021 -0.01925  0.05697
   0.70904 -0.01878  0.05677
   0.71787 -0.01830  0.05779
   0.72669 -0.01782  0.05847
   0.73552 -0.01734  0.05870
   0.74435 -0.01686  0.05938
   0.75317 -0.01638  0.05978
   0.76200 -0.01590  0.05976
   0.77082 -0.01541  0.06066
   0.77965 -0.01492  0.06139
   0.78847 -0.01443  0.06164
   0.79729 -0.01393  0.06276
   0.80612 -0.01344  0.06307
   0.81494 -0.01294  0.06393
   0.82377 -0.01244  0.06476
   0.83259 -0.01194  0.06529
   0.84142 -0.01143  0.06686
   0.85024 -0.01093  0.06680
   0.85906 -0.01041  0.06889
   0.86787 -0.00990  0.06939
   0.87669 -0.00938  0.07090
   0.88550 -0.00886  0.07196
   0.89432 -0.00833  0.07428
   0.90312 -0.00780  0.07563
   0.91193 -0.00725  0.07877
   0.92072 -0.00670  0.08124
   0.92950 -0.00614  0.08466
   0.93827 -0.00557  0.08885
   0.94703 -0.00498  0.09311
   0.95576 -0.00436  0.09844
   0.96441 -0.00371  0.10395
   0.97295 -0.00303  0.10854
   0.98127 -0.00226  0.11165
   0.98913 -0.00140  0.11328
   0.99622 -0.00051  0.11356
   1.00000  0.00000  0.11294
