MH61                                            
 Alfa =   6.00000 Re =  1095584.000 Xflap,Yflap =     0.000000    0.000000
#    x        y        Cp  
   1.00000  0.00000  0.13096
   0.99624 -0.00023  0.13301
   0.98929 -0.00051  0.14321
   0.98156 -0.00063  0.14766
   0.97340 -0.00056  0.14831
   0.96502 -0.00034  0.14636
   0.95655  0.00000  0.14269
   0.94800  0.00043  0.13808
   0.93942  0.00095  0.13296
   0.93082  0.00154  0.12687
   0.92221  0.00220  0.12045
   0.91359  0.00291  0.11377
   0.90497  0.00369  0.10583
   0.89633  0.00453  0.09799
   0.88769  0.00542  0.08910
   0.87904  0.00635  0.08002
   0.87039  0.00733  0.07098
   0.86172  0.00836  0.06039
   0.85306  0.00942  0.05027
   0.84438  0.01051  0.03980
   0.83570  0.01163  0.02811
   0.82702  0.01278  0.01769
   0.81833  0.01397  0.00513
   0.80963  0.01516 -0.00623
   0.80094  0.01639 -0.01893
   0.79224  0.01762 -0.03099
   0.78353  0.01887 -0.04348
   0.77482  0.02015 -0.05740
   0.76611  0.02143 -0.07069
   0.75740  0.02273 -0.08401
   0.74867  0.02403 -0.09792
   0.73995  0.02534 -0.11292
   0.73122  0.02666 -0.12655
   0.72248  0.02798 -0.14172
   0.71374  0.02930 -0.15714
   0.70501  0.03063 -0.17284
   0.69628  0.03194 -0.18842
   0.68756  0.03324 -0.20344
   0.67884  0.03455 -0.22058
   0.67014  0.03583 -0.23602
   0.66143  0.03710 -0.25296
   0.65274  0.03836 -0.26872
   0.64404  0.03959 -0.28456
   0.63534  0.04081 -0.30061
   0.62665  0.04200 -0.31618
   0.61796  0.04318 -0.33216
   0.60927  0.04433 -0.34721
   0.60058  0.04545 -0.36358
   0.59189  0.04655 -0.37757
   0.58319  0.04763 -0.39467
   0.57450  0.04867 -0.40754
   0.56581  0.04969 -0.42325
   0.55711  0.05068 -0.43798
   0.54841  0.05164 -0.45235
   0.53971  0.05257 -0.46674
   0.53101  0.05347 -0.48179
   0.52231  0.05433 -0.49407
   0.51361  0.05517 -0.51012
   0.50491  0.05598 -0.52397
   0.49620  0.05674 -0.53482
   0.48749  0.05749 -0.55118
   0.47878  0.05819 -0.56455
   0.47007  0.05886 -0.57489
   0.46136  0.05951 -0.59227
   0.45264  0.06010 -0.60309
   0.44393  0.06067 -0.61546
   0.43521  0.06121 -0.63074
   0.42649  0.06171 -0.64385
   0.41778  0.06217 -0.65614
   0.40906  0.06260 -0.67178
   0.40034  0.06298 -0.68171
   0.39162  0.06334 -0.69574
   0.38290  0.06365 -0.70916
   0.37418  0.06393 -0.72085
   0.36547  0.06417 -0.73854
   0.35675  0.06437 -0.75020
   0.34804  0.06452 -0.76365
   0.33932  0.06464 -0.77922
   0.33061  0.06471 -0.79113
   0.32190  0.06474 -0.80475
   0.31320  0.06473 -0.82102
   0.30450  0.06467 -0.83338
   0.29581  0.06457 -0.85220
   0.28712  0.06442 -0.86279
   0.27843  0.06422 -0.88287
   0.26976  0.06396 -0.89367
   0.26109  0.06366 -0.90995
   0.25242  0.06331 -0.92717
   0.24377  0.06290 -0.94181
   0.23513  0.06243 -0.95755
   0.22649  0.06190 -0.97104
   0.21787  0.06131 -0.99040
   0.20926  0.06065 -1.00258
   0.20067  0.05993 -1.01370
   0.19209  0.05914 -1.03125
   0.18352  0.05828 -1.04217
   0.17498  0.05735 -1.05957
   0.16646  0.05634 -1.08314
   0.15795  0.05525 -1.13144
   0.14947  0.05408 -1.17763
   0.14101  0.05282 -1.19089
   0.13258  0.05148 -1.20469
   0.12418  0.05004 -1.22159
   0.11582  0.04850 -1.23962
   0.10749  0.04687 -1.26476
   0.09922  0.04514 -1.28964
   0.09100  0.04329 -1.31589
   0.08285  0.04132 -1.34451
   0.07477  0.03923 -1.38048
   0.06679  0.03700 -1.41851
   0.05893  0.03463 -1.45843
   0.05121  0.03210 -1.50212
   0.04367  0.02940 -1.55542
   0.03636  0.02653 -1.61735
   0.02937  0.02348 -1.68675
   0.02285  0.02030 -1.77153
   0.01700  0.01705 -1.86999
   0.01215  0.01396 -1.97729
   0.00844  0.01121 -2.09548
   0.00576  0.00889 -2.20118
   0.00386  0.00698 -2.31846
   0.00251  0.00537 -2.42109
   0.00154  0.00401 -2.55821
   0.00085  0.00280 -2.66105
   0.00037  0.00172 -2.84621
   0.00008  0.00074 -3.11748
   0.00000 -0.00018 -3.23717
   0.00023 -0.00107 -1.90698
   0.00080 -0.00195 -0.40173
   0.00162 -0.00286  0.27641
   0.00271 -0.00383  0.65055
   0.00415 -0.00492  0.85740
   0.00607 -0.00617  0.96503
   0.00871 -0.00767  1.00034
   0.01237 -0.00947  0.98099
   0.01730 -0.01151  0.92243
   0.02349 -0.01369  0.84732
   0.03055 -0.01587  0.76715
   0.03809 -0.01790  0.69603
   0.04593 -0.01978  0.63273
   0.05394 -0.02149  0.57697
   0.06209 -0.02306  0.52865
   0.07033 -0.02449  0.48604
   0.07865 -0.02579  0.45028
   0.08702 -0.02699  0.41597
   0.09545 -0.02808  0.38769
   0.10392 -0.02908  0.36097
   0.11242 -0.02998  0.33733
   0.12096 -0.03080  0.31764
   0.12953 -0.03155  0.29729
   0.13812 -0.03221  0.28258
   0.14673 -0.03282  0.26590
   0.15536 -0.03336  0.25351
   0.16401 -0.03385  0.24044
   0.17267 -0.03428  0.22867
   0.18134 -0.03466  0.21761
   0.19003 -0.03499  0.20989
   0.19873 -0.03527  0.20045
   0.20743 -0.03552  0.19201
   0.21615 -0.03571  0.18562
   0.22487 -0.03587  0.17958
   0.23360 -0.03600  0.17266
   0.24234 -0.03608  0.16677
   0.25108 -0.03613  0.16267
   0.25983 -0.03615  0.15859
   0.26858 -0.03615  0.15346
   0.27734 -0.03611  0.15040
   0.28610 -0.03605  0.14624
   0.29487 -0.03597  0.14354
   0.30364 -0.03586  0.13974
   0.31242 -0.03572  0.13781
   0.32120 -0.03556  0.13541
   0.32998 -0.03539  0.13303
   0.33876 -0.03519  0.13208
   0.34755 -0.03499  0.12840
   0.35634 -0.03475  0.12789
   0.36513 -0.03451  0.12653
   0.37393 -0.03425  0.12418
   0.38273 -0.03398  0.12294
   0.39153 -0.03368  0.12242
   0.40033 -0.03339  0.12013
   0.40913 -0.03308  0.11974
   0.41794 -0.03275  0.11806
   0.42675 -0.03241  0.11885
   0.43556 -0.03207  0.11664
   0.44437 -0.03171  0.11711
   0.45318 -0.03136  0.11490
   0.46199 -0.03099  0.11491
   0.47081 -0.03062  0.11297
   0.47962 -0.03022  0.11400
   0.48844 -0.02984  0.11185
   0.49726 -0.02944  0.11203
   0.50608 -0.02904  0.11110
   0.51490 -0.02863  0.11095
   0.52372 -0.02821  0.11037
   0.53254 -0.02780  0.10915
   0.54136 -0.02738  0.10826
   0.55018 -0.02695  0.10900
   0.55901 -0.02652  0.10755
   0.56783 -0.02609  0.10718
   0.57665 -0.02565  0.10668
   0.58548 -0.02521  0.10625
   0.59430 -0.02476  0.10560
   0.60313 -0.02432  0.10440
   0.61195 -0.02387  0.10428
   0.62078 -0.02342  0.10300
   0.62960 -0.02296  0.10339
   0.63843 -0.02251  0.10224
   0.64726 -0.02205  0.10174
   0.65608 -0.02159  0.10115
   0.66491 -0.02112  0.10116
   0.67374 -0.02066  0.09967
   0.68256 -0.02019  0.09994
   0.69139 -0.01972  0.09876
   0.70021 -0.01925  0.09873
   0.70904 -0.01878  0.09728
   0.71787 -0.01830  0.09742
   0.72669 -0.01782  0.09717
   0.73552 -0.01734  0.09615
   0.74435 -0.01686  0.09592
   0.75317 -0.01638  0.09530
   0.76200 -0.01590  0.09410
   0.77082 -0.01541  0.09397
   0.77965 -0.01492  0.09376
   0.78847 -0.01443  0.09272
   0.79729 -0.01393  0.09279
   0.80612 -0.01344  0.09205
   0.81494 -0.01294  0.09167
   0.82377 -0.01244  0.09138
   0.83259 -0.01194  0.09062
   0.84142 -0.01143  0.09123
   0.85024 -0.01093  0.08945
   0.85906 -0.01041  0.09059
   0.86787 -0.00990  0.08941
   0.87669 -0.00938  0.08957
   0.88550 -0.00886  0.08870
   0.89432 -0.00833  0.08996
   0.90312 -0.00780  0.08904
   0.91193 -0.00725  0.09087
   0.92072 -0.00670  0.09111
   0.92950 -0.00614  0.09275
   0.93827 -0.00557  0.09524
   0.94703 -0.00498  0.09761
   0.95576 -0.00436  0.10235
   0.96441 -0.00371  0.10892
   0.97295 -0.00303  0.11652
   0.98127 -0.00226  0.12495
   0.98913 -0.00140  0.12966
   0.99622 -0.00051  0.13115
   1.00000  0.00000  0.13096
