MH61                                            
 Alfa =   8.00000 Re =   493012.000 Xflap,Yflap =     0.000000    0.000000
#    x        y        Cp  
   1.00000  0.00000  0.11698
   0.99624 -0.00023  0.11511
   0.98929 -0.00051  0.11532
   0.98156 -0.00063  0.11401
   0.97340 -0.00056  0.11156
   0.96502 -0.00034  0.10816
   0.95655  0.00000  0.10415
   0.94800  0.00043  0.09961
   0.93942  0.00095  0.09478
   0.93082  0.00154  0.08947
   0.92221  0.00220  0.08388
   0.91359  0.00291  0.07804
   0.90497  0.00369  0.07161
   0.89633  0.00453  0.06500
   0.88769  0.00542  0.05785
   0.87904  0.00635  0.05040
   0.87039  0.00733  0.04276
   0.86172  0.00836  0.03436
   0.85306  0.00942  0.02588
   0.84438  0.01051  0.01699
   0.83570  0.01163  0.00746
   0.82702  0.01278 -0.00195
   0.81833  0.01397 -0.01234
   0.80963  0.01516 -0.02260
   0.80094  0.01639 -0.03360
   0.79224  0.01762 -0.04469
   0.78353  0.01887 -0.05621
   0.77482  0.02015 -0.06856
   0.76611  0.02143 -0.08097
   0.75740  0.02273 -0.09362
   0.74867  0.02403 -0.10688
   0.73995  0.02534 -0.12082
   0.73122  0.02666 -0.13445
   0.72248  0.02798 -0.14907
   0.71374  0.02930 -0.16411
   0.70501  0.03063 -0.17942
   0.69628  0.03194 -0.19500
   0.68756  0.03324 -0.21051
   0.67884  0.03455 -0.22724
   0.67014  0.03583 -0.24334
   0.66143  0.03710 -0.26034
   0.65274  0.03836 -0.27697
   0.64404  0.03959 -0.29365
   0.63534  0.04081 -0.31076
   0.62665  0.04200 -0.32741
   0.61796  0.04318 -0.34457
   0.60927  0.04433 -0.36120
   0.60058  0.04545 -0.37862
   0.59189  0.04655 -0.39481
   0.58319  0.04763 -0.41274
   0.57450  0.04867 -0.42838
   0.56581  0.04969 -0.44552
   0.55711  0.05068 -0.46214
   0.54841  0.05164 -0.47864
   0.53971  0.05257 -0.49496
   0.53101  0.05347 -0.51179
   0.52231  0.05433 -0.52736
   0.51361  0.05517 -0.54441
   0.50491  0.05598 -0.56081
   0.49620  0.05674 -0.57523
   0.48749  0.05749 -0.59250
   0.47878  0.05819 -0.60889
   0.47007  0.05886 -0.62285
   0.46136  0.05951 -0.64111
   0.45264  0.06010 -0.65536
   0.44393  0.06067 -0.67071
   0.43521  0.06121 -0.68789
   0.42649  0.06171 -0.70411
   0.41778  0.06217 -0.71941
   0.40906  0.06260 -0.73749
   0.40034  0.06298 -0.75112
   0.39162  0.06334 -0.76815
   0.38290  0.06365 -0.78449
   0.37418  0.06393 -0.80064
   0.36547  0.06417 -0.81945
   0.35675  0.06437 -0.83586
   0.34804  0.06452 -0.85231
   0.33932  0.06464 -0.87116
   0.33061  0.06471 -0.88773
   0.32190  0.06474 -0.90493
   0.31320  0.06473 -0.92499
   0.30450  0.06467 -0.94254
   0.29581  0.06457 -0.96356
   0.28712  0.06442 -0.98081
   0.27843  0.06422 -1.00382
   0.26976  0.06396 -1.02127
   0.26109  0.06366 -1.04263
   0.25242  0.06331 -1.06435
   0.24377  0.06290 -1.08578
   0.23513  0.06243 -1.10808
   0.22649  0.06190 -1.12992
   0.21787  0.06131 -1.15377
   0.20926  0.06065 -1.17751
   0.20067  0.05993 -1.19794
   0.19209  0.05914 -1.22740
   0.18352  0.05828 -1.24876
   0.17498  0.05735 -1.27671
   0.16646  0.05634 -1.30189
   0.15795  0.05525 -1.33207
   0.14947  0.05408 -1.35564
   0.14101  0.05282 -1.38743
   0.13258  0.05148 -1.41930
   0.12418  0.05004 -1.44959
   0.11582  0.04850 -1.48003
   0.10749  0.04687 -1.52346
   0.09922  0.04514 -1.56474
   0.09100  0.04329 -1.60517
   0.08285  0.04132 -1.65189
   0.07477  0.03923 -1.71149
   0.06679  0.03700 -1.77195
   0.05893  0.03463 -1.83902
   0.05121  0.03210 -1.91125
   0.04367  0.02940 -1.99854
   0.03636  0.02653 -2.09865
   0.02937  0.02348 -2.21257
   0.02285  0.02030 -2.34089
   0.01700  0.01705 -2.56334
   0.01215  0.01396 -3.19014
   0.00844  0.01121 -3.78529
   0.00576  0.00889 -3.89097
   0.00386  0.00698 -3.99887
   0.00251  0.00537 -4.13174
   0.00154  0.00401 -4.30729
   0.00085  0.00280 -4.56879
   0.00037  0.00172 -4.95621
   0.00008  0.00074 -5.55794
   0.00000 -0.00018 -6.10343
   0.00023 -0.00107 -4.38423
   0.00080 -0.00195 -1.88350
   0.00162 -0.00286 -0.73127
   0.00271 -0.00383  0.01409
   0.00415 -0.00492  0.45016
   0.00607 -0.00617  0.73939
   0.00871 -0.00767  0.90965
   0.01237 -0.00947  0.98733
   0.01730 -0.01151  0.99685
   0.02349 -0.01369  0.96117
   0.03055 -0.01587  0.90600
   0.03809 -0.01790  0.84477
   0.04593 -0.01978  0.78815
   0.05394 -0.02149  0.73397
   0.06209 -0.02306  0.68698
   0.07033 -0.02449  0.64149
   0.07865 -0.02579  0.60390
   0.08702 -0.02699  0.56755
   0.09545 -0.02808  0.53708
   0.10392 -0.02908  0.50629
   0.11242 -0.02998  0.48005
   0.12096 -0.03080  0.45653
   0.12953 -0.03155  0.43430
   0.13812 -0.03221  0.41490
   0.14673 -0.03282  0.39692
   0.15536 -0.03336  0.38039
   0.16401 -0.03385  0.36440
   0.17267 -0.03428  0.35027
   0.18134 -0.03466  0.33674
   0.19003 -0.03499  0.32446
   0.19873 -0.03527  0.31457
   0.20743 -0.03552  0.30329
   0.21615 -0.03571  0.29421
   0.22487 -0.03587  0.28484
   0.23360 -0.03600  0.27597
   0.24234 -0.03608  0.26845
   0.25108 -0.03613  0.26165
   0.25983 -0.03615  0.25522
   0.26858 -0.03615  0.24848
   0.27734 -0.03611  0.24317
   0.28610 -0.03605  0.23709
   0.29487 -0.03597  0.23205
   0.30364 -0.03586  0.22677
   0.31242 -0.03572  0.22259
   0.32120 -0.03556  0.21864
   0.32998 -0.03539  0.21458
   0.33876 -0.03519  0.21160
   0.34755 -0.03499  0.20693
   0.35634 -0.03475  0.20394
   0.36513 -0.03451  0.20087
   0.37393 -0.03425  0.19788
   0.38273 -0.03398  0.19434
   0.39153 -0.03368  0.19256
   0.40033 -0.03339  0.18895
   0.40913 -0.03308  0.18706
   0.41794 -0.03275  0.18381
   0.42675 -0.03241  0.18284
   0.43556 -0.03207  0.17989
   0.44437 -0.03171  0.17865
   0.45318 -0.03136  0.17562
   0.46199 -0.03099  0.17360
   0.47081 -0.03062  0.17094
   0.47962 -0.03022  0.17036
   0.48844 -0.02984  0.16732
   0.49726 -0.02944  0.16623
   0.50608 -0.02904  0.16399
   0.51490 -0.02863  0.16282
   0.52372 -0.02821  0.16094
   0.53254 -0.02780  0.15858
   0.54136 -0.02738  0.15667
   0.55018 -0.02695  0.15606
   0.55901 -0.02652  0.15357
   0.56783 -0.02609  0.15223
   0.57665 -0.02565  0.15039
   0.58548 -0.02521  0.14908
   0.59430 -0.02476  0.14722
   0.60313 -0.02432  0.14501
   0.61195 -0.02387  0.14390
   0.62078 -0.02342  0.14153
   0.62960 -0.02296  0.14071
   0.63843 -0.02251  0.13853
   0.64726 -0.02205  0.13705
   0.65608 -0.02159  0.13536
   0.66491 -0.02112  0.13424
   0.67374 -0.02066  0.13175
   0.68256 -0.02019  0.13085
   0.69139 -0.01972  0.12860
   0.70021 -0.01925  0.12751
   0.70904 -0.01878  0.12507
   0.71787 -0.01830  0.12399
   0.72669 -0.01782  0.12261
   0.73552 -0.01734  0.12048
   0.74435 -0.01686  0.11909
   0.75317 -0.01638  0.11727
   0.76200 -0.01590  0.11500
   0.77082 -0.01541  0.11356
   0.77965 -0.01492  0.11212
   0.78847 -0.01443  0.10983
   0.79729 -0.01393  0.10848
   0.80612 -0.01344  0.10650
   0.81494 -0.01294  0.10467
   0.82377 -0.01244  0.10297
   0.83259 -0.01194  0.10075
   0.84142 -0.01143  0.09978
   0.85024 -0.01093  0.09639
   0.85906 -0.01041  0.09573
   0.86787 -0.00990  0.09273
   0.87669 -0.00938  0.09094
   0.88550 -0.00886  0.08795
   0.89432 -0.00833  0.08705
   0.90312 -0.00780  0.08351
   0.91193 -0.00725  0.08270
   0.92072 -0.00670  0.07972
   0.92950 -0.00614  0.07793
   0.93827 -0.00557  0.07646
   0.94703 -0.00498  0.07409
   0.95576 -0.00436  0.07354
   0.96441 -0.00371  0.07450
   0.97295 -0.00303  0.07711
   0.98127 -0.00226  0.08528
   0.98913 -0.00140  0.09956
   0.99622 -0.00051  0.11171
   1.00000  0.00000  0.11698
