MH104                                           
 Alfa =   2.00000 Re =  2327595.000 Xflap,Yflap =     0.000000    0.000000
#    x        y        Cp  
   1.00000  0.00000  0.29479
   0.99592  0.00019  0.28514
   0.98925  0.00065  0.26406
   0.98187  0.00132  0.24636
   0.97376  0.00217  0.22808
   0.96499  0.00316  0.20893
   0.95570  0.00422  0.19389
   0.94612  0.00534  0.17907
   0.93638  0.00648  0.16872
   0.92658  0.00766  0.15773
   0.91675  0.00886  0.14936
   0.90690  0.01010  0.14057
   0.89705  0.01138  0.13142
   0.88719  0.01270  0.12179
   0.87731  0.01405  0.11282
   0.86743  0.01543  0.10409
   0.85753  0.01685  0.09430
   0.84762  0.01830  0.08504
   0.83771  0.01978  0.07501
   0.82778  0.02129  0.06482
   0.81785  0.02282  0.05513
   0.80790  0.02438  0.04470
   0.79795  0.02596  0.03428
   0.78799  0.02756  0.02421
   0.77802  0.02919  0.01225
   0.76804  0.03083  0.00195
   0.75805  0.03249 -0.00922
   0.74805  0.03417 -0.02149
   0.73804  0.03586 -0.03246
   0.72802  0.03757 -0.04575
   0.71799  0.03928 -0.05620
   0.70795  0.04101 -0.06940
   0.69791  0.04275 -0.08320
   0.68785  0.04449 -0.09520
   0.67778  0.04624 -0.10902
   0.66770  0.04799 -0.12213
   0.65763  0.04974 -0.13565
   0.64755  0.05149 -0.14938
   0.63748  0.05324 -0.16445
   0.62742  0.05498 -0.17792
   0.61737  0.05672 -0.19464
   0.60733  0.05844 -0.20829
   0.59731  0.06015 -0.22337
   0.58730  0.06185 -0.23851
   0.57730  0.06354 -0.25593
   0.56731  0.06521 -0.27178
   0.55733  0.06686 -0.28770
   0.54737  0.06849 -0.30442
   0.53742  0.07010 -0.32248
   0.52748  0.07168 -0.33772
   0.51755  0.07324 -0.35500
   0.50763  0.07478 -0.37518
   0.49773  0.07628 -0.39195
   0.48784  0.07775 -0.40948
   0.47797  0.07919 -0.42934
   0.46811  0.08059 -0.44768
   0.45826  0.08195 -0.46508
   0.44844  0.08327 -0.48400
   0.43862  0.08455 -0.50268
   0.42883  0.08578 -0.51829
   0.41905  0.08697 -0.53847
   0.40929  0.08810 -0.55108
   0.39955  0.08918 -0.56591
   0.38983  0.09020 -0.58953
   0.38012  0.09116 -0.67823
   0.37045  0.09206 -0.74199
   0.36080  0.09290 -0.75439
   0.35119  0.09366 -0.76733
   0.34164  0.09434 -0.78122
   0.33215  0.09494 -0.79693
   0.32272  0.09545 -0.81553
   0.31335  0.09585 -0.83470
   0.30404  0.09615 -0.85501
   0.29478  0.09635 -0.87763
   0.28556  0.09642 -0.89321
   0.27638  0.09638 -0.91026
   0.26723  0.09622 -0.92304
   0.25808  0.09594 -0.93480
   0.24894  0.09553 -0.94026
   0.23979  0.09500 -0.94536
   0.23065  0.09435 -0.94759
   0.22151  0.09359 -0.95405
   0.21239  0.09270 -0.95291
   0.20330  0.09170 -0.95641
   0.19426  0.09058 -0.95544
   0.18526  0.08934 -0.95577
   0.17632  0.08798 -0.95481
   0.16743  0.08649 -0.95006
   0.15862  0.08488 -0.94687
   0.14988  0.08314 -0.93862
   0.14121  0.08127 -0.93047
   0.13263  0.07927 -0.92159
   0.12416  0.07714 -0.90924
   0.11579  0.07487 -0.89299
   0.10756  0.07248 -0.88025
   0.09948  0.06995 -0.85725
   0.09157  0.06730 -0.83919
   0.08388  0.06453 -0.81292
   0.07641  0.06164 -0.78176
   0.06922  0.05866 -0.75226
   0.06234  0.05559 -0.71157
   0.05581  0.05246 -0.66875
   0.04967  0.04930 -0.61967
   0.04395  0.04614 -0.56966
   0.03869  0.04301 -0.50769
   0.03391  0.03996 -0.44471
   0.02960  0.03702 -0.38096
   0.02574  0.03420 -0.31937
   0.02232  0.03152 -0.24836
   0.01930  0.02898 -0.17181
   0.01663  0.02659 -0.10452
   0.01427  0.02434 -0.03940
   0.01219  0.02221  0.03376
   0.01036  0.02020  0.11081
   0.00875  0.01831  0.17818
   0.00732  0.01651  0.24774
   0.00606  0.01480  0.32067
   0.00495  0.01317  0.38845
   0.00398  0.01163  0.45397
   0.00314  0.01015  0.52804
   0.00241  0.00873  0.58968
   0.00180  0.00737  0.66865
   0.00127  0.00605  0.73004
   0.00084  0.00479  0.79126
   0.00050  0.00357  0.85130
   0.00025  0.00239  0.90223
   0.00008  0.00126  0.94743
   0.00000  0.00016  0.98021
   0.00005 -0.00093  0.99980
   0.00026 -0.00202  0.99199
   0.00070 -0.00309  0.95590
   0.00131 -0.00414  0.90856
   0.00206 -0.00518  0.85764
   0.00292 -0.00621  0.80545
   0.00391 -0.00725  0.75506
   0.00501 -0.00831  0.70881
   0.00623 -0.00939  0.65256
   0.00759 -0.01050  0.60393
   0.00911 -0.01165  0.55192
   0.01079 -0.01283  0.50601
   0.01267 -0.01406  0.45494
   0.01477 -0.01533  0.41789
   0.01711 -0.01667  0.37123
   0.01973 -0.01807  0.33310
   0.02267 -0.01956  0.28853
   0.02598 -0.02114  0.24207
   0.02972 -0.02281  0.20136
   0.03393 -0.02457  0.15817
   0.03867 -0.02642  0.12111
   0.04399 -0.02837  0.07425
   0.04990 -0.03037  0.04123
   0.05636 -0.03241  0.00385
   0.06334 -0.03446 -0.03289
   0.07076 -0.03647 -0.06317
   0.07856 -0.03843 -0.09484
   0.08664 -0.04030 -0.12162
   0.09498 -0.04207 -0.14375
   0.10350 -0.04374 -0.16694
   0.11218 -0.04529 -0.18471
   0.12099 -0.04672 -0.19871
   0.12991 -0.04804 -0.21129
   0.13892 -0.04925 -0.22278
   0.14801 -0.05035 -0.23245
   0.15717 -0.05134 -0.23945
   0.16640 -0.05222 -0.24292
   0.17569 -0.05300 -0.24493
   0.18505 -0.05369 -0.24696
   0.19447 -0.05429 -0.24714
   0.20395 -0.05480 -0.24544
   0.21349 -0.05523 -0.24245
   0.22308 -0.05559 -0.23989
   0.23273 -0.05588 -0.23740
   0.24241 -0.05610 -0.23442
   0.25213 -0.05625 -0.22816
   0.26188 -0.05635 -0.22498
   0.27166 -0.05639 -0.22014
   0.28147 -0.05638 -0.21566
   0.29130 -0.05632 -0.21152
   0.30116 -0.05621 -0.20690
   0.31104 -0.05605 -0.20091
   0.32094 -0.05585 -0.19588
   0.33086 -0.05561 -0.19077
   0.34080 -0.05533 -0.18499
   0.35076 -0.05502 -0.18039
   0.36074 -0.05467 -0.17467
   0.37074 -0.05429 -0.16902
   0.38074 -0.05389 -0.16518
   0.39077 -0.05345 -0.15937
   0.40080 -0.05299 -0.15471
   0.41084 -0.05250 -0.14937
   0.42090 -0.05199 -0.14461
   0.43097 -0.05146 -0.14001
   0.44105 -0.05091 -0.13562
   0.45114 -0.05034 -0.13127
   0.46123 -0.04975 -0.12681
   0.47134 -0.04914 -0.12222
   0.48145 -0.04852 -0.11826
   0.49156 -0.04789 -0.11499
   0.50167 -0.04724 -0.11130
   0.51178 -0.04657 -0.10695
   0.52190 -0.04590 -0.10485
   0.53201 -0.04520 -0.10012
   0.54211 -0.04450 -0.09774
   0.55222 -0.04378 -0.09455
   0.56233 -0.04304 -0.09063
   0.57244 -0.04229 -0.08737
   0.58255 -0.04153 -0.08422
   0.59266 -0.04076 -0.08163
   0.60278 -0.03997 -0.07846
   0.61290 -0.03916 -0.07464
   0.62302 -0.03835 -0.07200
   0.63315 -0.03753 -0.07001
   0.64328 -0.03669 -0.06733
   0.65341 -0.03584 -0.06553
   0.66354 -0.03498 -0.06495
   0.67367 -0.03411 -0.06276
   0.68380 -0.03324 -0.04831
   0.69393 -0.03235 -0.03222
   0.70407 -0.03145 -0.02350
   0.71420 -0.03054 -0.01820
   0.72433 -0.02963 -0.01803
   0.73446 -0.02870 -0.01499
   0.74460 -0.02776 -0.01173
   0.75473 -0.02682 -0.01033
   0.76486 -0.02587 -0.00916
   0.77499 -0.02490 -0.00331
   0.78512 -0.02393 -0.00141
   0.79525 -0.02295  0.00192
   0.80538 -0.02196  0.00675
   0.81550 -0.02097  0.00842
   0.82562 -0.01996  0.01312
   0.83574 -0.01894  0.01853
   0.84585 -0.01792  0.02099
   0.85596 -0.01688  0.02772
   0.86606 -0.01584  0.03029
   0.87615 -0.01478  0.03687
   0.88623 -0.01371  0.04324
   0.89629 -0.01264  0.04743
   0.90632 -0.01155  0.05417
   0.91630 -0.01045  0.06143
   0.92621 -0.00934  0.06877
   0.93602 -0.00822  0.07651
   0.94567 -0.00708  0.08793
   0.95513 -0.00592  0.10257
   0.96431 -0.00475  0.12057
   0.97311 -0.00357  0.14801
   0.98142 -0.00244  0.17842
   0.98906 -0.00140  0.21217
   1.00000  0.00000  0.29479
