MH61                                            
 Alfa =  10.00000 Re =   493012.000 Xflap,Yflap =     0.000000    0.000000
#    x        y        Cp  
   1.00000  0.00000  0.04755
   0.99624 -0.00023  0.04628
   0.98929 -0.00051  0.04336
   0.98156 -0.00063  0.04016
   0.97340 -0.00056  0.03689
   0.96502 -0.00034  0.03372
   0.95655  0.00000  0.03064
   0.94800  0.00043  0.02763
   0.93942  0.00095  0.02464
   0.93082  0.00154  0.02164
   0.92221  0.00220  0.01856
   0.91359  0.00291  0.01529
   0.90497  0.00369  0.01189
   0.89633  0.00453  0.00839
   0.88769  0.00542  0.00474
   0.87904  0.00635  0.00093
   0.87039  0.00733 -0.00305
   0.86172  0.00836 -0.00730
   0.85306  0.00942 -0.01177
   0.84438  0.01051 -0.01652
   0.83570  0.01163 -0.02161
   0.82702  0.01278 -0.02697
   0.81833  0.01397 -0.03278
   0.80963  0.01516 -0.03890
   0.80094  0.01639 -0.04549
   0.79224  0.01762 -0.05247
   0.78353  0.01887 -0.05990
   0.77482  0.02015 -0.06793
   0.76611  0.02143 -0.07638
   0.75740  0.02273 -0.08532
   0.74867  0.02403 -0.09488
   0.73995  0.02534 -0.10506
   0.73122  0.02666 -0.11562
   0.72248  0.02798 -0.12693
   0.71374  0.02930 -0.13889
   0.70501  0.03063 -0.15138
   0.69628  0.03194 -0.16445
   0.68756  0.03324 -0.17796
   0.67884  0.03455 -0.19238
   0.67014  0.03583 -0.20696
   0.66143  0.03710 -0.22234
   0.65274  0.03836 -0.23793
   0.64404  0.03959 -0.25405
   0.63534  0.04081 -0.27052
   0.62665  0.04200 -0.28722
   0.61796  0.04318 -0.30441
   0.60927  0.04433 -0.32166
   0.60058  0.04545 -0.33956
   0.59189  0.04655 -0.35709
   0.58319  0.04763 -0.37548
   0.57450  0.04867 -0.39319
   0.56581  0.04969 -0.41162
   0.55711  0.05068 -0.42988
   0.54841  0.05164 -0.44837
   0.53971  0.05257 -0.46671
   0.53101  0.05347 -0.48554
   0.52231  0.05433 -0.50355
   0.51361  0.05517 -0.52281
   0.50491  0.05598 -0.54133
   0.49620  0.05674 -0.55911
   0.48749  0.05749 -0.57840
   0.47878  0.05819 -0.59719
   0.47007  0.05886 -0.61480
   0.46136  0.05951 -0.63451
   0.45264  0.06010 -0.65228
   0.44393  0.06067 -0.67118
   0.43521  0.06121 -0.69029
   0.42649  0.06171 -0.71000
   0.41778  0.06217 -0.72788
   0.40906  0.06260 -0.74878
   0.40034  0.06298 -0.76633
   0.39162  0.06334 -0.78578
   0.38290  0.06365 -0.80554
   0.37418  0.06393 -0.82500
   0.36547  0.06417 -0.84679
   0.35675  0.06437 -0.86649
   0.34804  0.06452 -0.88672
   0.33932  0.06464 -0.90827
   0.33061  0.06471 -0.92847
   0.32190  0.06474 -0.95026
   0.31320  0.06473 -0.97261
   0.30450  0.06467 -0.99530
   0.29581  0.06457 -1.01930
   0.28712  0.06442 -1.04269
   0.27843  0.06422 -1.06712
   0.26976  0.06396 -1.09067
   0.26109  0.06366 -1.11525
   0.25242  0.06331 -1.14220
   0.24377  0.06290 -1.16830
   0.23513  0.06243 -1.19485
   0.22649  0.06190 -1.22284
   0.21787  0.06131 -1.25296
   0.20926  0.06065 -1.28077
   0.20067  0.05993 -1.30922
   0.19209  0.05914 -1.34176
   0.18352  0.05828 -1.37419
   0.17498  0.05735 -1.40656
   0.16646  0.05634 -1.44158
   0.15795  0.05525 -1.47610
   0.14947  0.05408 -1.51271
   0.14101  0.05282 -1.55203
   0.13258  0.05148 -1.59356
   0.12418  0.05004 -1.63667
   0.11582  0.04850 -1.68008
   0.10749  0.04687 -1.73238
   0.09922  0.04514 -1.79084
   0.09100  0.04329 -1.84701
   0.08285  0.04132 -1.91735
   0.07477  0.03923 -1.98944
   0.06679  0.03700 -2.07644
   0.05893  0.03463 -2.17484
   0.05121  0.03210 -2.28118
   0.04367  0.02940 -2.41009
   0.03636  0.02653 -2.56143
   0.02937  0.02348 -2.75104
   0.02285  0.02030 -2.97773
   0.01700  0.01705 -3.29388
   0.01215  0.01396 -3.75828
   0.00844  0.01121 -4.53853
   0.00576  0.00889 -5.68761
   0.00386  0.00698 -6.42660
   0.00251  0.00537 -6.50096
   0.00154  0.00401 -6.57570
   0.00085  0.00280 -6.68179
   0.00037  0.00172 -6.85814
   0.00008  0.00074 -7.28392
   0.00000 -0.00018 -8.11057
   0.00023 -0.00107 -6.62247
   0.00080 -0.00195 -3.39531
   0.00162 -0.00286 -1.75349
   0.00271 -0.00383 -0.68341
   0.00415 -0.00492 -0.03792
   0.00607 -0.00617  0.42699
   0.00871 -0.00767  0.71883
   0.01237 -0.00947  0.90153
   0.01730 -0.01151  0.98548
   0.02349 -0.01369  0.99837
   0.03055 -0.01587  0.97261
   0.03809 -0.01790  0.92936
   0.04593 -0.01978  0.88278
   0.05394 -0.02149  0.83518
   0.06209 -0.02306  0.79094
   0.07033 -0.02449  0.74782
   0.07865 -0.02579  0.71020
   0.08702 -0.02699  0.67413
   0.09545 -0.02808  0.64193
   0.10392 -0.02908  0.61141
   0.11242 -0.02998  0.58394
   0.12096 -0.03080  0.55784
   0.12953 -0.03155  0.53405
   0.13812 -0.03221  0.51304
   0.14673 -0.03282  0.49217
   0.15536 -0.03336  0.47392
   0.16401 -0.03385  0.45778
   0.17267 -0.03428  0.43896
   0.18134 -0.03466  0.42517
   0.19003 -0.03499  0.41063
   0.19873 -0.03527  0.39943
   0.20743 -0.03552  0.38567
   0.21615 -0.03571  0.37397
   0.22487 -0.03587  0.36537
   0.23360 -0.03600  0.35312
   0.24234 -0.03608  0.34446
   0.25108 -0.03613  0.33509
   0.25983 -0.03615  0.32841
   0.26858 -0.03615  0.31861
   0.27734 -0.03611  0.31198
   0.28610 -0.03605  0.30410
   0.29487 -0.03597  0.29850
   0.30364 -0.03586  0.29160
   0.31242 -0.03572  0.28558
   0.32120 -0.03556  0.27983
   0.32998 -0.03539  0.27462
   0.33876 -0.03519  0.26917
   0.34755 -0.03499  0.26431
   0.35634 -0.03475  0.26008
   0.36513 -0.03451  0.25542
   0.37393 -0.03425  0.25147
   0.38273 -0.03398  0.24576
   0.39153 -0.03368  0.24305
   0.40033 -0.03339  0.23826
   0.40913 -0.03308  0.23495
   0.41794 -0.03275  0.23101
   0.42675 -0.03241  0.22827
   0.43556 -0.03207  0.22442
   0.44437 -0.03171  0.22173
   0.45318 -0.03136  0.21769
   0.46199 -0.03099  0.21467
   0.47081 -0.03062  0.21105
   0.47962 -0.03022  0.20885
   0.48844 -0.02984  0.20499
   0.49726 -0.02944  0.20259
   0.50608 -0.02904  0.19939
   0.51490 -0.02863  0.19695
   0.52372 -0.02821  0.19412
   0.53254 -0.02780  0.19058
   0.54136 -0.02738  0.18746
   0.55018 -0.02695  0.18612
   0.55901 -0.02652  0.18210
   0.56783 -0.02609  0.18011
   0.57665 -0.02565  0.17704
   0.58548 -0.02521  0.17468
   0.59430 -0.02476  0.17174
   0.60313 -0.02432  0.16831
   0.61195 -0.02387  0.16631
   0.62078 -0.02342  0.16260
   0.62960 -0.02296  0.16073
   0.63843 -0.02251  0.15762
   0.64726 -0.02205  0.15482
   0.65608 -0.02159  0.15224
   0.66491 -0.02112  0.14981
   0.67374 -0.02066  0.14628
   0.68256 -0.02019  0.14413
   0.69139 -0.01972  0.14073
   0.70021 -0.01925  0.13849
   0.70904 -0.01878  0.13474
   0.71787 -0.01830  0.13248
   0.72669 -0.01782  0.12993
   0.73552 -0.01734  0.12615
   0.74435 -0.01686  0.12389
   0.75317 -0.01638  0.12050
   0.76200 -0.01590  0.11678
   0.77082 -0.01541  0.11400
   0.77965 -0.01492  0.11101
   0.78847 -0.01443  0.10710
   0.79729 -0.01393  0.10433
   0.80612 -0.01344  0.10062
   0.81494 -0.01294  0.09724
   0.82377 -0.01244  0.09354
   0.83259 -0.01194  0.08948
   0.84142 -0.01143  0.08653
   0.85024 -0.01093  0.08107
   0.85906 -0.01041  0.07830
   0.86787 -0.00990  0.07274
   0.87669 -0.00938  0.06840
   0.88550 -0.00886  0.06237
   0.89432 -0.00833  0.05896
   0.90312 -0.00780  0.05162
   0.91193 -0.00725  0.04740
   0.92072 -0.00670  0.04020
   0.92950 -0.00614  0.03352
   0.93827 -0.00557  0.02675
   0.94703 -0.00498  0.01728
   0.95576 -0.00436  0.00903
   0.96441 -0.00371  0.00082
   0.97295 -0.00303 -0.00764
   0.98127 -0.00226 -0.01113
   0.98913 -0.00140  0.00132
   0.99622 -0.00051  0.02081
   1.00000  0.00000  0.04755
