MH61                                            
 Alfa =   8.00000 Re =   958636.000 Xflap,Yflap =     0.000000    0.000000
#    x        y        Cp  
   1.00000  0.00000  0.12962
   0.99624 -0.00023  0.12820
   0.98929 -0.00051  0.12989
   0.98156 -0.00063  0.12932
   0.97340 -0.00056  0.12725
   0.96502 -0.00034  0.12387
   0.95655  0.00000  0.11965
   0.94800  0.00043  0.11481
   0.93942  0.00095  0.10965
   0.93082  0.00154  0.10383
   0.92221  0.00220  0.09772
   0.91359  0.00291  0.09131
   0.90497  0.00369  0.08416
   0.89633  0.00453  0.07688
   0.88769  0.00542  0.06888
   0.87904  0.00635  0.06059
   0.87039  0.00733  0.05216
   0.86172  0.00836  0.04277
   0.85306  0.00942  0.03336
   0.84438  0.01051  0.02355
   0.83570  0.01163  0.01297
   0.82702  0.01278  0.00274
   0.81833  0.01397 -0.00875
   0.80963  0.01516 -0.01990
   0.80094  0.01639 -0.03190
   0.79224  0.01762 -0.04384
   0.78353  0.01887 -0.05620
   0.77482  0.02015 -0.06959
   0.76611  0.02143 -0.08285
   0.75740  0.02273 -0.09628
   0.74867  0.02403 -0.11036
   0.73995  0.02534 -0.12521
   0.73122  0.02666 -0.13944
   0.72248  0.02798 -0.15484
   0.71374  0.02930 -0.17063
   0.70501  0.03063 -0.18665
   0.69628  0.03194 -0.20283
   0.68756  0.03324 -0.21885
   0.67884  0.03455 -0.23638
   0.67014  0.03583 -0.25281
   0.66143  0.03710 -0.27050
   0.65274  0.03836 -0.28744
   0.64404  0.03959 -0.30451
   0.63534  0.04081 -0.32193
   0.62665  0.04200 -0.33881
   0.61796  0.04318 -0.35624
   0.60927  0.04433 -0.37301
   0.60058  0.04545 -0.39077
   0.59189  0.04655 -0.40689
   0.58319  0.04763 -0.42522
   0.57450  0.04867 -0.44060
   0.56581  0.04969 -0.45798
   0.55711  0.05068 -0.47456
   0.54841  0.05164 -0.49113
   0.53971  0.05257 -0.50744
   0.53101  0.05347 -0.52431
   0.52231  0.05433 -0.53975
   0.51361  0.05517 -0.55696
   0.50491  0.05598 -0.57336
   0.49620  0.05674 -0.58745
   0.48749  0.05749 -0.60488
   0.47878  0.05819 -0.62148
   0.47007  0.05886 -0.63493
   0.46136  0.05951 -0.65362
   0.45264  0.06010 -0.66744
   0.44393  0.06067 -0.68283
   0.43521  0.06121 -0.70012
   0.42649  0.06171 -0.71645
   0.41778  0.06217 -0.73146
   0.40906  0.06260 -0.74991
   0.40034  0.06298 -0.76314
   0.39162  0.06334 -0.78035
   0.38290  0.06365 -0.79652
   0.37418  0.06393 -0.81259
   0.36547  0.06417 -0.83187
   0.35675  0.06437 -0.84813
   0.34804  0.06452 -0.86457
   0.33932  0.06464 -0.88366
   0.33061  0.06471 -0.90020
   0.32190  0.06474 -0.91722
   0.31320  0.06473 -0.93761
   0.30450  0.06467 -0.95507
   0.29581  0.06457 -0.97678
   0.28712  0.06442 -0.99344
   0.27843  0.06422 -1.01713
   0.26976  0.06396 -1.03448
   0.26109  0.06366 -1.05594
   0.25242  0.06331 -1.07803
   0.24377  0.06290 -1.09972
   0.23513  0.06243 -1.12209
   0.22649  0.06190 -1.14426
   0.21787  0.06131 -1.16850
   0.20926  0.06065 -1.19251
   0.20067  0.05993 -1.21278
   0.19209  0.05914 -1.24306
   0.18352  0.05828 -1.26448
   0.17498  0.05735 -1.29290
   0.16646  0.05634 -1.31857
   0.15795  0.05525 -1.34936
   0.14947  0.05408 -1.37301
   0.14101  0.05282 -1.40570
   0.13258  0.05148 -1.43840
   0.12418  0.05004 -1.46949
   0.11582  0.04850 -1.50023
   0.10749  0.04687 -1.54551
   0.09922  0.04514 -1.58814
   0.09100  0.04329 -1.63019
   0.08285  0.04132 -1.67848
   0.07477  0.03923 -1.74117
   0.06679  0.03700 -1.80488
   0.05893  0.03463 -1.87637
   0.05121  0.03210 -1.95225
   0.04367  0.02940 -2.04859
   0.03636  0.02653 -2.15996
   0.02937  0.02348 -2.29291
   0.02285  0.02030 -2.44919
   0.01700  0.01705 -2.64130
   0.01215  0.01396 -2.84311
   0.00844  0.01121 -3.11742
   0.00576  0.00889 -3.80169
   0.00386  0.00698 -4.37937
   0.00251  0.00537 -4.52334
   0.00154  0.00401 -4.68571
   0.00085  0.00280 -4.92120
   0.00037  0.00172 -5.28801
   0.00008  0.00074 -5.91247
   0.00000 -0.00018 -6.56562
   0.00023 -0.00107 -4.73892
   0.00080 -0.00195 -2.05006
   0.00162 -0.00286 -0.83330
   0.00271 -0.00383 -0.04772
   0.00415 -0.00492  0.41332
   0.00607 -0.00617  0.71771
   0.00871 -0.00767  0.89868
   0.01237 -0.00947  0.98404
   0.01730 -0.01151  0.99840
   0.02349 -0.01369  0.96558
   0.03055 -0.01587  0.91182
   0.03809 -0.01790  0.85164
   0.04593 -0.01978  0.79532
   0.05394 -0.02149  0.74145
   0.06209 -0.02306  0.69440
   0.07033 -0.02449  0.64907
   0.07865 -0.02579  0.61148
   0.08702 -0.02699  0.57496
   0.09545 -0.02808  0.54446
   0.10392 -0.02908  0.51353
   0.11242 -0.02998  0.48735
   0.12096 -0.03080  0.46369
   0.12953 -0.03155  0.44127
   0.13812 -0.03221  0.42201
   0.14673 -0.03282  0.40370
   0.15536 -0.03336  0.38730
   0.16401 -0.03385  0.37111
   0.17267 -0.03428  0.35697
   0.18134 -0.03466  0.34320
   0.19003 -0.03499  0.33112
   0.19873 -0.03527  0.32106
   0.20743 -0.03552  0.30959
   0.21615 -0.03571  0.30051
   0.22487 -0.03587  0.29121
   0.23360 -0.03600  0.28217
   0.24234 -0.03608  0.27457
   0.25108 -0.03613  0.26786
   0.25983 -0.03615  0.26139
   0.26858 -0.03615  0.25442
   0.27734 -0.03611  0.24921
   0.28610 -0.03605  0.24303
   0.29487 -0.03597  0.23805
   0.30364 -0.03586  0.23259
   0.31242 -0.03572  0.22847
   0.32120 -0.03556  0.22461
   0.32998 -0.03539  0.22037
   0.33876 -0.03519  0.21758
   0.34755 -0.03499  0.21256
   0.35634 -0.03475  0.20976
   0.36513 -0.03451  0.20670
   0.37393 -0.03425  0.20361
   0.38273 -0.03398  0.20001
   0.39153 -0.03368  0.19843
   0.40033 -0.03339  0.19454
   0.40913 -0.03308  0.19280
   0.41794 -0.03275  0.18942
   0.42675 -0.03241  0.18867
   0.43556 -0.03207  0.18554
   0.44437 -0.03171  0.18454
   0.45318 -0.03136  0.18126
   0.46199 -0.03099  0.17928
   0.47081 -0.03062  0.17647
   0.47962 -0.03022  0.17626
   0.48844 -0.02984  0.17288
   0.49726 -0.02944  0.17201
   0.50608 -0.02904  0.16965
   0.51490 -0.02863  0.16859
   0.52372 -0.02821  0.16679
   0.53254 -0.02780  0.16420
   0.54136 -0.02738  0.16227
   0.55018 -0.02695  0.16202
   0.55901 -0.02652  0.15930
   0.56783 -0.02609  0.15805
   0.57665 -0.02565  0.15627
   0.58548 -0.02521  0.15492
   0.59430 -0.02476  0.15314
   0.60313 -0.02432  0.15080
   0.61195 -0.02387  0.14981
   0.62078 -0.02342  0.14737
   0.62960 -0.02296  0.14680
   0.63843 -0.02251  0.14448
   0.64726 -0.02205  0.14306
   0.65608 -0.02159  0.14148
   0.66491 -0.02112  0.14043
   0.67374 -0.02066  0.13783
   0.68256 -0.02019  0.13715
   0.69139 -0.01972  0.13482
   0.70021 -0.01925  0.13391
   0.70904 -0.01878  0.13129
   0.71787 -0.01830  0.13050
   0.72669 -0.01782  0.12918
   0.73552 -0.01734  0.12695
   0.74435 -0.01686  0.12589
   0.75317 -0.01638  0.12395
   0.76200 -0.01590  0.12171
   0.77082 -0.01541  0.12046
   0.77965 -0.01492  0.11917
   0.78847 -0.01443  0.11682
   0.79729 -0.01393  0.11573
   0.80612 -0.01344  0.11385
   0.81494 -0.01294  0.11217
   0.82377 -0.01244  0.11051
   0.83259 -0.01194  0.10842
   0.84142 -0.01143  0.10775
   0.85024 -0.01093  0.10437
   0.85906 -0.01041  0.10413
   0.86787 -0.00990  0.10114
   0.87669 -0.00938  0.09965
   0.88550 -0.00886  0.09662
   0.89432 -0.00833  0.09643
   0.90312 -0.00780  0.09287
   0.91193 -0.00725  0.09261
   0.92072 -0.00670  0.08999
   0.92950 -0.00614  0.08868
   0.93827 -0.00557  0.08789
   0.94703 -0.00498  0.08595
   0.95576 -0.00436  0.08645
   0.96441 -0.00371  0.08894
   0.97295 -0.00303  0.09353
   0.98127 -0.00226  0.10434
   0.98913 -0.00140  0.11962
   0.99622 -0.00051  0.12802
   1.00000  0.00000  0.12962
