MH104                                           
 Alfa =   0.00000 Re =  2081144.000 Xflap,Yflap =     0.000000    0.000000
#    x        y        Cp  
   1.00000  0.00000  0.28593
   0.99592  0.00019  0.27644
   0.98925  0.00065  0.25533
   0.98187  0.00132  0.23846
   0.97376  0.00217  0.22139
   0.96499  0.00316  0.20337
   0.95570  0.00422  0.19018
   0.94612  0.00534  0.17700
   0.93638  0.00648  0.16870
   0.92658  0.00766  0.15938
   0.91675  0.00886  0.15276
   0.90690  0.01010  0.14561
   0.89705  0.01138  0.13785
   0.88719  0.01270  0.12967
   0.87731  0.01405  0.12205
   0.86743  0.01543  0.11468
   0.85753  0.01685  0.10615
   0.84762  0.01830  0.09818
   0.83771  0.01978  0.08938
   0.82778  0.02129  0.08045
   0.81785  0.02282  0.07204
   0.80790  0.02438  0.06287
   0.79795  0.02596  0.05373
   0.78799  0.02756  0.04495
   0.77802  0.02919  0.03420
   0.76804  0.03083  0.02526
   0.75805  0.03249  0.01544
   0.74805  0.03417  0.00446
   0.73804  0.03586 -0.00511
   0.72802  0.03757 -0.01705
   0.71799  0.03928 -0.02596
   0.70795  0.04101 -0.03775
   0.69791  0.04275 -0.05014
   0.68785  0.04449 -0.06056
   0.67778  0.04624 -0.07281
   0.66770  0.04799 -0.08422
   0.65763  0.04974 -0.09631
   0.64755  0.05149 -0.10819
   0.63748  0.05324 -0.12146
   0.62742  0.05498 -0.13326
   0.61737  0.05672 -0.14801
   0.60733  0.05844 -0.15985
   0.59731  0.06015 -0.17292
   0.58730  0.06185 -0.18596
   0.57730  0.06354 -0.20128
   0.56731  0.06521 -0.21501
   0.55733  0.06686 -0.22848
   0.54737  0.06849 -0.24299
   0.53742  0.07010 -0.25847
   0.52748  0.07168 -0.27096
   0.51755  0.07324 -0.28553
   0.50763  0.07478 -0.30279
   0.49773  0.07628 -0.31637
   0.48784  0.07775 -0.33011
   0.47797  0.07919 -0.34633
   0.46811  0.08059 -0.35979
   0.45826  0.08195 -0.37257
   0.44844  0.08327 -0.38448
   0.43862  0.08455 -0.39596
   0.42883  0.08578 -0.40536
   0.41905  0.08697 -0.43666
   0.40929  0.08810 -0.52899
   0.39955  0.08918 -0.55107
   0.38983  0.09020 -0.56198
   0.38012  0.09116 -0.57344
   0.37045  0.09206 -0.58557
   0.36080  0.09290 -0.59888
   0.35119  0.09366 -0.61352
   0.34164  0.09434 -0.62978
   0.33215  0.09494 -0.64775
   0.32272  0.09545 -0.66739
   0.31335  0.09585 -0.68446
   0.30404  0.09615 -0.70156
   0.29478  0.09635 -0.71983
   0.28556  0.09642 -0.73040
   0.27638  0.09638 -0.74186
   0.26723  0.09622 -0.74938
   0.25808  0.09594 -0.75593
   0.24894  0.09553 -0.75571
   0.23979  0.09500 -0.75535
   0.23065  0.09435 -0.75218
   0.22151  0.09359 -0.75292
   0.21239  0.09270 -0.74490
   0.20330  0.09170 -0.74317
   0.19426  0.09058 -0.73575
   0.18526  0.08934 -0.72900
   0.17632  0.08798 -0.72134
   0.16743  0.08649 -0.70928
   0.15862  0.08488 -0.69841
   0.14988  0.08314 -0.68319
   0.14121  0.08127 -0.66704
   0.13263  0.07927 -0.64892
   0.12416  0.07714 -0.62890
   0.11579  0.07487 -0.60306
   0.10756  0.07248 -0.58069
   0.09948  0.06995 -0.54853
   0.09157  0.06730 -0.51890
   0.08388  0.06453 -0.48222
   0.07641  0.06164 -0.44119
   0.06922  0.05866 -0.39914
   0.06234  0.05559 -0.34795
   0.05581  0.05246 -0.29368
   0.04967  0.04930 -0.23407
   0.04395  0.04614 -0.17259
   0.03869  0.04301 -0.10170
   0.03391  0.03996 -0.03018
   0.02960  0.03702  0.03876
   0.02574  0.03420  0.11235
   0.02232  0.03152  0.18541
   0.01930  0.02898  0.26372
   0.01663  0.02659  0.33283
   0.01427  0.02434  0.40334
   0.01219  0.02221  0.47092
   0.01036  0.02020  0.54042
   0.00875  0.01831  0.60484
   0.00732  0.01651  0.66571
   0.00606  0.01480  0.72533
   0.00495  0.01317  0.78237
   0.00398  0.01163  0.83273
   0.00314  0.01015  0.88015
   0.00241  0.00873  0.92022
   0.00180  0.00737  0.95658
   0.00127  0.00605  0.98240
   0.00084  0.00479  0.99788
   0.00050  0.00357  0.99979
   0.00025  0.00239  0.98580
   0.00008  0.00126  0.94877
   0.00000  0.00016  0.87974
   0.00005 -0.00093  0.76819
   0.00026 -0.00202  0.60233
   0.00070 -0.00309  0.49841
   0.00131 -0.00414  0.42708
   0.00206 -0.00518  0.35892
   0.00292 -0.00621  0.30035
   0.00391 -0.00725  0.25750
   0.00501 -0.00831  0.20822
   0.00623 -0.00939  0.15849
   0.00759 -0.01050  0.11602
   0.00911 -0.01165  0.07267
   0.01079 -0.01283  0.02964
   0.01267 -0.01406 -0.00746
   0.01477 -0.01533 -0.02966
   0.01711 -0.01667 -0.06556
   0.01973 -0.01807 -0.08909
   0.02267 -0.01956 -0.12040
   0.02598 -0.02114 -0.15592
   0.02972 -0.02281 -0.18419
   0.03393 -0.02457 -0.21334
   0.03867 -0.02642 -0.23632
   0.04399 -0.02837 -0.26976
   0.04990 -0.03037 -0.28986
   0.05636 -0.03241 -0.31298
   0.06334 -0.03446 -0.33876
   0.07076 -0.03647 -0.35588
   0.07856 -0.03843 -0.37594
   0.08664 -0.04030 -0.39272
   0.09498 -0.04207 -0.40358
   0.10350 -0.04374 -0.41805
   0.11218 -0.04529 -0.42578
   0.12099 -0.04672 -0.43173
   0.12991 -0.04804 -0.43511
   0.13892 -0.04925 -0.43927
   0.14801 -0.05035 -0.44102
   0.15717 -0.05134 -0.44070
   0.16640 -0.05222 -0.43777
   0.17569 -0.05300 -0.43284
   0.18505 -0.05369 -0.42772
   0.19447 -0.05429 -0.42252
   0.20395 -0.05480 -0.41454
   0.21349 -0.05523 -0.40580
   0.22308 -0.05559 -0.39843
   0.23273 -0.05588 -0.39021
   0.24241 -0.05610 -0.38209
   0.25213 -0.05625 -0.37196
   0.26188 -0.05635 -0.36384
   0.27166 -0.05639 -0.35494
   0.28147 -0.05638 -0.34637
   0.29130 -0.05632 -0.33825
   0.30116 -0.05621 -0.32998
   0.31104 -0.05605 -0.32054
   0.32094 -0.05585 -0.31207
   0.33086 -0.05561 -0.30398
   0.34080 -0.05533 -0.29508
   0.35076 -0.05502 -0.28767
   0.36074 -0.05467 -0.27925
   0.37074 -0.05429 -0.27128
   0.38074 -0.05389 -0.26454
   0.39077 -0.05345 -0.25681
   0.40080 -0.05299 -0.25001
   0.41084 -0.05250 -0.24290
   0.42090 -0.05199 -0.23651
   0.43097 -0.05146 -0.23036
   0.44105 -0.05091 -0.22494
   0.45114 -0.05034 -0.21998
   0.46123 -0.04975 -0.21559
   0.47134 -0.04914 -0.21271
   0.48145 -0.04852 -0.20879
   0.49156 -0.04789 -0.18322
   0.50167 -0.04724 -0.16339
   0.51178 -0.04657 -0.15250
   0.52190 -0.04590 -0.15295
   0.53201 -0.04520 -0.14624
   0.54211 -0.04450 -0.14645
   0.55222 -0.04378 -0.14360
   0.56233 -0.04304 -0.13844
   0.57244 -0.04229 -0.13467
   0.58255 -0.04153 -0.13073
   0.59266 -0.04076 -0.12840
   0.60278 -0.03997 -0.12352
   0.61290 -0.03916 -0.11674
   0.62302 -0.03835 -0.11301
   0.63315 -0.03753 -0.11018
   0.64328 -0.03669 -0.10416
   0.65341 -0.03584 -0.09927
   0.66354 -0.03498 -0.09433
   0.67367 -0.03411 -0.08860
   0.68380 -0.03324 -0.08609
   0.69393 -0.03235 -0.08026
   0.70407 -0.03145 -0.07552
   0.71420 -0.03054 -0.06950
   0.72433 -0.02963 -0.06644
   0.73446 -0.02870 -0.06044
   0.74460 -0.02776 -0.05451
   0.75473 -0.02682 -0.05032
   0.76486 -0.02587 -0.04631
   0.77499 -0.02490 -0.03879
   0.78512 -0.02393 -0.03447
   0.79525 -0.02295 -0.02908
   0.80538 -0.02196 -0.02264
   0.81550 -0.02097 -0.01867
   0.82562 -0.01996 -0.01227
   0.83574 -0.01894 -0.00532
   0.84585 -0.01792 -0.00063
   0.85596 -0.01688  0.00740
   0.86606 -0.01584  0.01229
   0.87615 -0.01478  0.02046
   0.88623 -0.01371  0.02857
   0.89629 -0.01264  0.03499
   0.90632 -0.01155  0.04376
   0.91630 -0.01045  0.05327
   0.92621 -0.00934  0.06296
   0.93602 -0.00822  0.07366
   0.94567 -0.00708  0.08772
   0.95513 -0.00592  0.10524
   0.96431 -0.00475  0.12616
   0.97311 -0.00357  0.15472
   0.98142 -0.00244  0.18559
   0.98906 -0.00140  0.21824
   1.00000  0.00000  0.28593
