MH61                                            
 Alfa =   8.00000 Re =   342293.000 Xflap,Yflap =     0.000000    0.000000
#    x        y        Cp  
   1.00000  0.00000  0.10541
   0.99624 -0.00023  0.10341
   0.98929 -0.00051  0.10278
   0.98156 -0.00063  0.10098
   0.97340 -0.00056  0.09831
   0.96502 -0.00034  0.09489
   0.95655  0.00000  0.09099
   0.94800  0.00043  0.08670
   0.93942  0.00095  0.08212
   0.93082  0.00154  0.07717
   0.92221  0.00220  0.07198
   0.91359  0.00291  0.06656
   0.90497  0.00369  0.06067
   0.89633  0.00453  0.05461
   0.88769  0.00542  0.04808
   0.87904  0.00635  0.04130
   0.87039  0.00733  0.03429
   0.86172  0.00836  0.02668
   0.85306  0.00942  0.01892
   0.84438  0.01051  0.01079
   0.83570  0.01163  0.00209
   0.82702  0.01278 -0.00660
   0.81833  0.01397 -0.01610
   0.80963  0.01516 -0.02562
   0.80094  0.01639 -0.03577
   0.79224  0.01762 -0.04610
   0.78353  0.01887 -0.05685
   0.77482  0.02015 -0.06836
   0.76611  0.02143 -0.08001
   0.75740  0.02273 -0.09196
   0.74867  0.02403 -0.10447
   0.73995  0.02534 -0.11764
   0.73122  0.02666 -0.13070
   0.72248  0.02798 -0.14461
   0.71374  0.02930 -0.15898
   0.70501  0.03063 -0.17365
   0.69628  0.03194 -0.18865
   0.68756  0.03324 -0.20372
   0.67884  0.03455 -0.21984
   0.67014  0.03583 -0.23550
   0.66143  0.03710 -0.25204
   0.65274  0.03836 -0.26828
   0.64404  0.03959 -0.28466
   0.63534  0.04081 -0.30145
   0.62665  0.04200 -0.31793
   0.61796  0.04318 -0.33486
   0.60927  0.04433 -0.35136
   0.60058  0.04545 -0.36859
   0.59189  0.04655 -0.38482
   0.58319  0.04763 -0.40247
   0.57450  0.04867 -0.41823
   0.56581  0.04969 -0.43532
   0.55711  0.05068 -0.45194
   0.54841  0.05164 -0.46847
   0.53971  0.05257 -0.48482
   0.53101  0.05347 -0.50165
   0.52231  0.05433 -0.51736
   0.51361  0.05517 -0.53436
   0.50491  0.05598 -0.55075
   0.49620  0.05674 -0.56555
   0.48749  0.05749 -0.58266
   0.47878  0.05819 -0.59912
   0.47007  0.05886 -0.61344
   0.46136  0.05951 -0.63142
   0.45264  0.06010 -0.64599
   0.44393  0.06067 -0.66143
   0.43521  0.06121 -0.67857
   0.42649  0.06171 -0.69481
   0.41778  0.06217 -0.71032
   0.40906  0.06260 -0.72820
   0.40034  0.06298 -0.74217
   0.39162  0.06334 -0.75917
   0.38290  0.06365 -0.77557
   0.37418  0.06393 -0.79190
   0.36547  0.06417 -0.81047
   0.35675  0.06437 -0.82698
   0.34804  0.06452 -0.84341
   0.33932  0.06464 -0.86217
   0.33061  0.06471 -0.87892
   0.32190  0.06474 -0.89615
   0.31320  0.06473 -0.91602
   0.30450  0.06467 -0.93370
   0.29581  0.06457 -0.95430
   0.28712  0.06442 -0.97187
   0.27843  0.06422 -0.99446
   0.26976  0.06396 -1.01203
   0.26109  0.06366 -1.03329
   0.25242  0.06331 -1.05476
   0.24377  0.06290 -1.07603
   0.23513  0.06243 -1.09822
   0.22649  0.06190 -1.11985
   0.21787  0.06131 -1.14341
   0.20926  0.06065 -1.16698
   0.20067  0.05993 -1.18731
   0.19209  0.05914 -1.21630
   0.18352  0.05828 -1.23746
   0.17498  0.05735 -1.26499
   0.16646  0.05634 -1.28979
   0.15795  0.05525 -1.31947
   0.14947  0.05408 -1.34270
   0.14101  0.05282 -1.37377
   0.13258  0.05148 -1.40490
   0.12418  0.05004 -1.43437
   0.11582  0.04850 -1.46427
   0.10749  0.04687 -1.50623
   0.09922  0.04514 -1.54627
   0.09100  0.04329 -1.58512
   0.08285  0.04132 -1.63034
   0.07477  0.03923 -1.68759
   0.06679  0.03700 -1.74403
   0.05893  0.03463 -1.80529
   0.05121  0.03210 -1.87106
   0.04367  0.02940 -1.94781
   0.03636  0.02653 -2.03137
   0.02937  0.02348 -2.14544
   0.02285  0.02030 -2.41417
   0.01700  0.01705 -3.11097
   0.01215  0.01396 -3.46709
   0.00844  0.01121 -3.55463
   0.00576  0.00889 -3.64816
   0.00386  0.00698 -3.75747
   0.00251  0.00537 -3.89992
   0.00154  0.00401 -4.09161
   0.00085  0.00280 -4.36824
   0.00037  0.00172 -4.75913
   0.00008  0.00074 -5.33315
   0.00000 -0.00018 -5.80457
   0.00023 -0.00107 -4.13786
   0.00080 -0.00195 -1.75539
   0.00162 -0.00286 -0.64905
   0.00271 -0.00383  0.06581
   0.00415 -0.00492  0.48202
   0.00607 -0.00617  0.75869
   0.00871 -0.00767  0.91978
   0.01237 -0.00947  0.99091
   0.01730 -0.01151  0.99623
   0.02349 -0.01369  0.95803
   0.03055 -0.01587  0.90162
   0.03809 -0.01790  0.83949
   0.04593 -0.01978  0.78258
   0.05394 -0.02149  0.72813
   0.06209 -0.02306  0.68115
   0.07033 -0.02449  0.63552
   0.07865 -0.02579  0.59793
   0.08702 -0.02699  0.56168
   0.09545 -0.02808  0.53126
   0.10392 -0.02908  0.50054
   0.11242 -0.02998  0.47426
   0.12096 -0.03080  0.45084
   0.12953 -0.03155  0.42873
   0.13812 -0.03221  0.40926
   0.14673 -0.03282  0.39145
   0.15536 -0.03336  0.37488
   0.16401 -0.03385  0.35901
   0.17267 -0.03428  0.34489
   0.18134 -0.03466  0.33151
   0.19003 -0.03499  0.31911
   0.19873 -0.03527  0.30934
   0.20743 -0.03552  0.29820
   0.21615 -0.03571  0.28911
   0.22487 -0.03587  0.27973
   0.23360 -0.03600  0.27095
   0.24234 -0.03608  0.26350
   0.25108 -0.03613  0.25664
   0.25983 -0.03615  0.25023
   0.26858 -0.03615  0.24365
   0.27734 -0.03611  0.23829
   0.28610 -0.03605  0.23227
   0.29487 -0.03597  0.22718
   0.30364 -0.03586  0.22202
   0.31242 -0.03572  0.21781
   0.32120 -0.03556  0.21384
   0.32998 -0.03539  0.20987
   0.33876 -0.03519  0.20680
   0.34755 -0.03499  0.20230
   0.35634 -0.03475  0.19919
   0.36513 -0.03451  0.19616
   0.37393 -0.03425  0.19324
   0.38273 -0.03398  0.18973
   0.39153 -0.03368  0.18787
   0.40033 -0.03339  0.18434
   0.40913 -0.03308  0.18239
   0.41794 -0.03275  0.17923
   0.42675 -0.03241  0.17810
   0.43556 -0.03207  0.17528
   0.44437 -0.03171  0.17396
   0.45318 -0.03136  0.17102
   0.46199 -0.03099  0.16895
   0.47081 -0.03062  0.16638
   0.47962 -0.03022  0.16562
   0.48844 -0.02984  0.16278
   0.49726 -0.02944  0.16152
   0.50608 -0.02904  0.15939
   0.51490 -0.02863  0.15809
   0.52372 -0.02821  0.15623
   0.53254 -0.02780  0.15394
   0.54136 -0.02738  0.15204
   0.55018 -0.02695  0.15123
   0.55901 -0.02652  0.14888
   0.56783 -0.02609  0.14747
   0.57665 -0.02565  0.14565
   0.58548 -0.02521  0.14428
   0.59430 -0.02476  0.14241
   0.60313 -0.02432  0.14023
   0.61195 -0.02387  0.13901
   0.62078 -0.02342  0.13675
   0.62960 -0.02296  0.13578
   0.63843 -0.02251  0.13362
   0.64726 -0.02205  0.13208
   0.65608 -0.02159  0.13040
   0.66491 -0.02112  0.12912
   0.67374 -0.02066  0.12678
   0.68256 -0.02019  0.12569
   0.69139 -0.01972  0.12348
   0.70021 -0.01925  0.12229
   0.70904 -0.01878  0.11988
   0.71787 -0.01830  0.11868
   0.72669 -0.01782  0.11714
   0.73552 -0.01734  0.11509
   0.74435 -0.01686  0.11358
   0.75317 -0.01638  0.11169
   0.76200 -0.01590  0.10943
   0.77082 -0.01541  0.10786
   0.77965 -0.01492  0.10633
   0.78847 -0.01443  0.10399
   0.79729 -0.01393  0.10251
   0.80612 -0.01344  0.10040
   0.81494 -0.01294  0.09852
   0.82377 -0.01244  0.09663
   0.83259 -0.01194  0.09438
   0.84142 -0.01143  0.09312
   0.85024 -0.01093  0.08975
   0.85906 -0.01041  0.08874
   0.86787 -0.00990  0.08582
   0.87669 -0.00938  0.08365
   0.88550 -0.00886  0.08064
   0.89432 -0.00833  0.07931
   0.90312 -0.00780  0.07568
   0.91193 -0.00725  0.07443
   0.92072 -0.00670  0.07123
   0.92950 -0.00614  0.06905
   0.93827 -0.00557  0.06705
   0.94703 -0.00498  0.06426
   0.95576 -0.00436  0.06295
   0.96441 -0.00371  0.06297
   0.97295 -0.00303  0.06449
   0.98127 -0.00226  0.07106
   0.98913 -0.00140  0.08433
   0.99622 -0.00051  0.09736
   1.00000  0.00000  0.10541
