MH104                                           
 Alfa =   8.00000 Re =  1232532.000 Xflap,Yflap =     0.000000    0.000000
#    x        y        Cp  
   1.00000  0.00000  0.19071
   0.99592  0.00019  0.18126
   0.98925  0.00065  0.16699
   0.98187  0.00132  0.15562
   0.97376  0.00217  0.14326
   0.96499  0.00316  0.12966
   0.95570  0.00422  0.11757
   0.94612  0.00534  0.10519
   0.93638  0.00648  0.09482
   0.92658  0.00766  0.08398
   0.91675  0.00886  0.07445
   0.90690  0.01010  0.06435
   0.89705  0.01138  0.05409
   0.88719  0.01270  0.04305
   0.87731  0.01405  0.03233
   0.86743  0.01543  0.02160
   0.85753  0.01685  0.01004
   0.84762  0.01830 -0.00146
   0.83771  0.01978 -0.01358
   0.82778  0.02129 -0.02605
   0.81785  0.02282 -0.03842
   0.80790  0.02438 -0.05140
   0.79795  0.02596 -0.06471
   0.78799  0.02756 -0.07783
   0.77802  0.02919 -0.09230
   0.76804  0.03083 -0.10614
   0.75805  0.03249 -0.12061
   0.74805  0.03417 -0.13606
   0.73804  0.03586 -0.15088
   0.72802  0.03757 -0.16744
   0.71799  0.03928 -0.18244
   0.70795  0.04101 -0.19929
   0.69791  0.04275 -0.21682
   0.68785  0.04449 -0.23379
   0.67778  0.04624 -0.25171
   0.66770  0.04799 -0.26951
   0.65763  0.04974 -0.28809
   0.64755  0.05149 -0.30683
   0.63748  0.05324 -0.32697
   0.62742  0.05498 -0.34605
   0.61737  0.05672 -0.36791
   0.60733  0.05844 -0.38781
   0.59731  0.06015 -0.40887
   0.58730  0.06185 -0.43031
   0.57730  0.06354 -0.45381
   0.56731  0.06521 -0.47672
   0.55733  0.06686 -0.49972
   0.54737  0.06849 -0.52375
   0.53742  0.07010 -0.54894
   0.52748  0.07168 -0.57267
   0.51755  0.07324 -0.59823
   0.50763  0.07478 -0.62648
   0.49773  0.07628 -0.65278
   0.48784  0.07775 -0.68000
   0.47797  0.07919 -0.70962
   0.46811  0.08059 -0.73801
   0.45826  0.08195 -0.76779
   0.44844  0.08327 -0.79777
   0.43862  0.08455 -0.83065
   0.42883  0.08578 -0.86026
   0.41905  0.08697 -0.89705
   0.40929  0.08810 -0.92872
   0.39955  0.08918 -0.96402
   0.38983  0.09020 -0.99965
   0.38012  0.09116 -1.03410
   0.37045  0.09206 -1.07233
   0.36080  0.09290 -1.11438
   0.35119  0.09366 -1.15347
   0.34164  0.09434 -1.19230
   0.33215  0.09494 -1.23488
   0.32272  0.09545 -1.27795
   0.31335  0.09585 -1.31293
   0.30404  0.09615 -1.34918
   0.29478  0.09635 -1.39857
   0.28556  0.09642 -1.46222
   0.27638  0.09638 -1.55979
   0.26723  0.09622 -1.59951
   0.25808  0.09594 -1.61452
   0.24894  0.09553 -1.63148
   0.23979  0.09500 -1.65031
   0.23065  0.09435 -1.67005
   0.22151  0.09359 -1.69269
   0.21239  0.09270 -1.71354
   0.20330  0.09170 -1.73779
   0.19426  0.09058 -1.76101
   0.18526  0.08934 -1.78625
   0.17632  0.08798 -1.81154
   0.16743  0.08649 -1.83570
   0.15862  0.08488 -1.86197
   0.14988  0.08314 -1.88666
   0.14121  0.08127 -1.91276
   0.13263  0.07927 -1.93894
   0.12416  0.07714 -1.96576
   0.11579  0.07487 -1.99032
   0.10756  0.07248 -2.02143
   0.09948  0.06995 -2.04499
   0.09157  0.06730 -2.07556
   0.08388  0.06453 -2.10262
   0.07641  0.06164 -2.12833
   0.06922  0.05866 -2.15885
   0.06234  0.05559 -2.18012
   0.05581  0.05246 -2.20360
   0.04967  0.04930 -2.22154
   0.04395  0.04614 -2.24380
   0.03869  0.04301 -2.25302
   0.03391  0.03996 -2.26077
   0.02960  0.03702 -2.27404
   0.02574  0.03420 -2.28588
   0.02232  0.03152 -2.28946
   0.01930  0.02898 -2.27952
   0.01663  0.02659 -2.28554
   0.01427  0.02434 -2.29230
   0.01219  0.02221 -2.28897
   0.01036  0.02020 -2.27496
   0.00875  0.01831 -2.27721
   0.00732  0.01651 -2.27149
   0.00606  0.01480 -2.25780
   0.00495  0.01317 -2.26184
   0.00398  0.01163 -2.27061
   0.00314  0.01015 -2.24623
   0.00241  0.00873 -2.24261
   0.00180  0.00737 -2.17126
   0.00127  0.00605 -2.16614
   0.00084  0.00479 -2.14250
   0.00050  0.00357 -2.08932
   0.00025  0.00239 -2.05387
   0.00008  0.00126 -2.05417
   0.00000  0.00016 -2.07163
   0.00005 -0.00093 -1.98222
   0.00026 -0.00202 -1.70807
   0.00070 -0.00309 -0.95945
   0.00131 -0.00414 -0.41067
   0.00206 -0.00518 -0.00114
   0.00292 -0.00621  0.28433
   0.00391 -0.00725  0.50121
   0.00501 -0.00831  0.64590
   0.00623 -0.00939  0.76416
   0.00759 -0.01050  0.84819
   0.00911 -0.01165  0.91076
   0.01079 -0.01283  0.95319
   0.01267 -0.01406  0.98133
   0.01477 -0.01533  0.99625
   0.01711 -0.01667  1.00058
   0.01973 -0.01807  0.99572
   0.02267 -0.01956  0.98289
   0.02598 -0.02114  0.96330
   0.02972 -0.02281  0.93732
   0.03393 -0.02457  0.90618
   0.03867 -0.02642  0.87118
   0.04399 -0.02837  0.83078
   0.04990 -0.03037  0.78981
   0.05636 -0.03241  0.74670
   0.06334 -0.03446  0.70089
   0.07076 -0.03647  0.65908
   0.07856 -0.03843  0.61552
   0.08664 -0.04030  0.57490
   0.09498 -0.04207  0.53857
   0.10350 -0.04374  0.50073
   0.11218 -0.04529  0.46790
   0.12099 -0.04672  0.43779
   0.12991 -0.04804  0.40939
   0.13892 -0.04925  0.38369
   0.14801 -0.05035  0.35923
   0.15717 -0.05134  0.33722
   0.16640 -0.05222  0.31811
   0.17569 -0.05300  0.30144
   0.18505 -0.05369  0.28531
   0.19447 -0.05429  0.27087
   0.20395 -0.05480  0.25876
   0.21349 -0.05523  0.24816
   0.22308 -0.05559  0.23697
   0.23273 -0.05588  0.22818
   0.24241 -0.05610  0.21877
   0.25213 -0.05625  0.21251
   0.26188 -0.05635  0.20525
   0.27166 -0.05639  0.19900
   0.28147 -0.05638  0.19324
   0.29130 -0.05632  0.18727
   0.30116 -0.05621  0.18261
   0.31104 -0.05605  0.17866
   0.32094 -0.05585  0.17506
   0.33086 -0.05561  0.17153
   0.34080 -0.05533  0.16897
   0.35076 -0.05502  0.16541
   0.36074 -0.05467  0.16342
   0.37074 -0.05429  0.16132
   0.38074 -0.05389  0.15823
   0.39077 -0.05345  0.15664
   0.40080 -0.05299  0.15491
   0.41084 -0.05250  0.15342
   0.42090 -0.05199  0.15189
   0.43097 -0.05146  0.15027
   0.44105 -0.05091  0.14903
   0.45114 -0.05034  0.14715
   0.46123 -0.04975  0.14635
   0.47134 -0.04914  0.14522
   0.48145 -0.04852  0.14447
   0.49156 -0.04789  0.14230
   0.50167 -0.04724  0.14131
   0.51178 -0.04657  0.14077
   0.52190 -0.04590  0.13836
   0.53201 -0.04520  0.13868
   0.54211 -0.04450  0.13647
   0.55222 -0.04378  0.13544
   0.56233 -0.04304  0.13542
   0.57244 -0.04229  0.13465
   0.58255 -0.04153  0.13408
   0.59266 -0.04076  0.13288
   0.60278 -0.03997  0.13270
   0.61290 -0.03916  0.13305
   0.62302 -0.03835  0.13292
   0.63315 -0.03753  0.13178
   0.64328 -0.03669  0.13234
   0.65341 -0.03584  0.13229
   0.66354 -0.03498  0.13275
   0.67367 -0.03411  0.13325
   0.68380 -0.03324  0.13261
   0.69393 -0.03235  0.13324
   0.70407 -0.03145  0.13367
   0.71420 -0.03054  0.13473
   0.72433 -0.02963  0.13453
   0.73446 -0.02870  0.13565
   0.74460 -0.02776  0.13695
   0.75473 -0.02682  0.13773
   0.76486 -0.02587  0.13821
   0.77499 -0.02490  0.14065
   0.78512 -0.02393  0.14172
   0.79525 -0.02295  0.14344
   0.80538 -0.02196  0.14581
   0.81550 -0.02097  0.14740
   0.82562 -0.01996  0.15015
   0.83574 -0.01894  0.15348
   0.84585 -0.01792  0.15634
   0.85596 -0.01688  0.16078
   0.86606 -0.01584  0.16458
   0.87615 -0.01478  0.16980
   0.88623 -0.01371  0.17519
   0.89629 -0.01264  0.18035
   0.90632 -0.01155  0.18526
   0.91630 -0.01045  0.18919
   0.92621 -0.00934  0.19211
   0.93602 -0.00822  0.19440
   0.94567 -0.00708  0.19579
   0.95513 -0.00592  0.19634
   0.96431 -0.00475  0.19621
   0.97311 -0.00357  0.19549
   0.98142 -0.00244  0.19448
   0.98906 -0.00140  0.19340
   1.00000  0.00000  0.19071
