MH61                                            
 Alfa =   2.00000 Re =   958636.000 Xflap,Yflap =     0.000000    0.000000
#    x        y        Cp  
   1.00000  0.00000  0.08599
   0.99624 -0.00023  0.09063
   0.98929 -0.00051  0.12736
   0.98156 -0.00063  0.14595
   0.97340 -0.00056  0.15427
   0.96502 -0.00034  0.15753
   0.95655  0.00000  0.15660
   0.94800  0.00043  0.15484
   0.93942  0.00095  0.15170
   0.93082  0.00154  0.14776
   0.92221  0.00220  0.14331
   0.91359  0.00291  0.13849
   0.90497  0.00369  0.13159
   0.89633  0.00453  0.12554
   0.88769  0.00542  0.11765
   0.87904  0.00635  0.11016
   0.87039  0.00733  0.10235
   0.86172  0.00836  0.09259
   0.85306  0.00942  0.08375
   0.84438  0.01051  0.07508
   0.83570  0.01163  0.06447
   0.82702  0.01278  0.05613
   0.81833  0.01397  0.04428
   0.80963  0.01516  0.03516
   0.80094  0.01639  0.02373
   0.79224  0.01762  0.01392
   0.78353  0.01887  0.00361
   0.77482  0.02015 -0.00857
   0.76611  0.02143 -0.01944
   0.75740  0.02273 -0.03069
   0.74867  0.02403 -0.04194
   0.73995  0.02534 -0.05468
   0.73122  0.02666 -0.06563
   0.72248  0.02798 -0.07795
   0.71374  0.02930 -0.09042
   0.70501  0.03063 -0.10341
   0.69628  0.03194 -0.11568
   0.68756  0.03324 -0.12676
   0.67884  0.03455 -0.14083
   0.67014  0.03583 -0.15231
   0.66143  0.03710 -0.16480
   0.65274  0.03836 -0.17616
   0.64404  0.03959 -0.18697
   0.63534  0.04081 -0.19711
   0.62665  0.04200 -0.20705
   0.61796  0.04318 -0.21739
   0.60927  0.04433 -0.22606
   0.60058  0.04545 -0.23828
   0.59189  0.04655 -0.25311
   0.58319  0.04763 -0.27985
   0.57450  0.04867 -0.31639
   0.56581  0.04969 -0.35905
   0.55711  0.05068 -0.37049
   0.54841  0.05164 -0.37487
   0.53971  0.05257 -0.37989
   0.53101  0.05347 -0.38528
   0.52231  0.05433 -0.39079
   0.51361  0.05517 -0.39679
   0.50491  0.05598 -0.40293
   0.49620  0.05674 -0.40910
   0.48749  0.05749 -0.41584
   0.47878  0.05819 -0.42272
   0.47007  0.05886 -0.42937
   0.46136  0.05951 -0.43702
   0.45264  0.06010 -0.44396
   0.44393  0.06067 -0.45112
   0.43521  0.06121 -0.45898
   0.42649  0.06171 -0.46659
   0.41778  0.06217 -0.47381
   0.40906  0.06260 -0.48193
   0.40034  0.06298 -0.48860
   0.39162  0.06334 -0.49631
   0.38290  0.06365 -0.50371
   0.37418  0.06393 -0.51101
   0.36547  0.06417 -0.51961
   0.35675  0.06437 -0.52639
   0.34804  0.06452 -0.53370
   0.33932  0.06464 -0.54173
   0.33061  0.06471 -0.54805
   0.32190  0.06474 -0.55522
   0.31320  0.06473 -0.56340
   0.30450  0.06467 -0.56957
   0.29581  0.06457 -0.57863
   0.28712  0.06442 -0.58395
   0.27843  0.06422 -0.59297
   0.26976  0.06396 -0.59821
   0.26109  0.06366 -0.60500
   0.25242  0.06331 -0.61298
   0.24377  0.06290 -0.61848
   0.23513  0.06243 -0.62514
   0.22649  0.06190 -0.63095
   0.21787  0.06131 -0.63788
   0.20926  0.06065 -0.64237
   0.20067  0.05993 -0.64595
   0.19209  0.05914 -0.65206
   0.18352  0.05828 -0.65569
   0.17498  0.05735 -0.65924
   0.16646  0.05634 -0.66215
   0.15795  0.05525 -0.66535
   0.14947  0.05408 -0.66450
   0.14101  0.05282 -0.66635
   0.13258  0.05148 -0.66755
   0.12418  0.05004 -0.66599
   0.11582  0.04850 -0.66229
   0.10749  0.04687 -0.66286
   0.09922  0.04514 -0.66166
   0.09100  0.04329 -0.65528
   0.08285  0.04132 -0.65006
   0.07477  0.03923 -0.64609
   0.06679  0.03700 -0.63896
   0.05893  0.03463 -0.62758
   0.05121  0.03210 -0.60930
   0.04367  0.02940 -0.59186
   0.03636  0.02653 -0.56436
   0.02937  0.02348 -0.53001
   0.02285  0.02030 -0.48188
   0.01700  0.01705 -0.41586
   0.01215  0.01396 -0.33655
   0.00844  0.01121 -0.23757
   0.00576  0.00889 -0.12136
   0.00386  0.00698 -0.01219
   0.00251  0.00537  0.11859
   0.00154  0.00401  0.22814
   0.00085  0.00280  0.37260
   0.00037  0.00172  0.51069
   0.00008  0.00074  0.63462
   0.00000 -0.00018  0.82762
   0.00023 -0.00107  0.97649
   0.00080 -0.00195  0.99315
   0.00162 -0.00286  0.94202
   0.00271 -0.00383  0.87162
   0.00415 -0.00492  0.78636
   0.00607 -0.00617  0.69398
   0.00871 -0.00767  0.59114
   0.01237 -0.00947  0.48184
   0.01730 -0.01151  0.38724
   0.02349 -0.01369  0.30503
   0.03055 -0.01587  0.23185
   0.03809 -0.01790  0.17303
   0.04593 -0.01978  0.12949
   0.05394 -0.02149  0.08963
   0.06209 -0.02306  0.06022
   0.07033 -0.02449  0.03169
   0.07865 -0.02579  0.01385
   0.08702 -0.02699 -0.00557
   0.09545 -0.02808 -0.01889
   0.10392 -0.02908 -0.03406
   0.11242 -0.02998 -0.04387
   0.12096 -0.03080 -0.05278
   0.12953 -0.03155 -0.06083
   0.13812 -0.03221 -0.06445
   0.14673 -0.03282 -0.07155
   0.15536 -0.03336 -0.07358
   0.16401 -0.03385 -0.07853
   0.17267 -0.03428 -0.08094
   0.18134 -0.03466 -0.08295
   0.19003 -0.03499 -0.08426
   0.19873 -0.03527 -0.08462
   0.20743 -0.03552 -0.08685
   0.21615 -0.03571 -0.08586
   0.22487 -0.03587 -0.08519
   0.23360 -0.03600 -0.08516
   0.24234 -0.03608 -0.08544
   0.25108 -0.03613 -0.08327
   0.25983 -0.03615 -0.08144
   0.26858 -0.03615 -0.08134
   0.27734 -0.03611 -0.07907
   0.28610 -0.03605 -0.07763
   0.29487 -0.03597 -0.07552
   0.30364 -0.03586 -0.07472
   0.31242 -0.03572 -0.07183
   0.32120 -0.03556 -0.06923
   0.32998 -0.03539 -0.06765
   0.33876 -0.03519 -0.06473
   0.34755 -0.03499 -0.06362
   0.35634 -0.03475 -0.06024
   0.36513 -0.03451 -0.05806
   0.37393 -0.03425 -0.05599
   0.38273 -0.03398 -0.05405
   0.39153 -0.03368 -0.05090
   0.40033 -0.03339 -0.04943
   0.40913 -0.03308 -0.04638
   0.41794 -0.03275 -0.04490
   0.42675 -0.03241 -0.04128
   0.43556 -0.03207 -0.03950
   0.44437 -0.03171 -0.03659
   0.45318 -0.03136 -0.03551
   0.46199 -0.03099 -0.03271
   0.47081 -0.03062 -0.03145
   0.47962 -0.03022 -0.02803
   0.48844 -0.02984 -0.02702
   0.49726 -0.02944 -0.02413
   0.50608 -0.02904 -0.02265
   0.51490 -0.02863 -0.01998
   0.52372 -0.02821 -0.01803
   0.53254 -0.02780 -0.01671
   0.54136 -0.02738 -0.01492
   0.55018 -0.02695 -0.01233
   0.55901 -0.02652 -0.01080
   0.56783 -0.02609 -0.00905
   0.57665 -0.02565 -0.00713
   0.58548 -0.02521 -0.00520
   0.59430 -0.02476 -0.00370
   0.60313 -0.02432 -0.00245
   0.61195 -0.02387 -0.00040
   0.62078 -0.02342  0.00078
   0.62960 -0.02296  0.00311
   0.63843 -0.02251  0.00415
   0.64726 -0.02205  0.00589
   0.65608 -0.02159  0.00737
   0.66491 -0.02112  0.00947
   0.67374 -0.02066  0.01036
   0.68256 -0.02019  0.01247
   0.69139 -0.01972  0.01372
   0.70021 -0.01925  0.01548
   0.70904 -0.01878  0.01656
   0.71787 -0.01830  0.01851
   0.72669 -0.01782  0.02022
   0.73552 -0.01734  0.02168
   0.74435 -0.01686  0.02338
   0.75317 -0.01638  0.02489
   0.76200 -0.01590  0.02615
   0.77082 -0.01541  0.02812
   0.77965 -0.01492  0.02987
   0.78847 -0.01443  0.03145
   0.79729 -0.01393  0.03366
   0.80612 -0.01344  0.03517
   0.81494 -0.01294  0.03728
   0.82377 -0.01244  0.03933
   0.83259 -0.01194  0.04122
   0.84142 -0.01143  0.04384
   0.85024 -0.01093  0.04554
   0.85906 -0.01041  0.04861
   0.86787 -0.00990  0.05081
   0.87669 -0.00938  0.05364
   0.88550 -0.00886  0.05642
   0.89432 -0.00833  0.05976
   0.90312 -0.00780  0.06282
   0.91193 -0.00725  0.06662
   0.92072 -0.00670  0.07011
   0.92950 -0.00614  0.07370
   0.93827 -0.00557  0.07720
   0.94703 -0.00498  0.08023
   0.95576 -0.00436  0.08283
   0.96441 -0.00371  0.08492
   0.97295 -0.00303  0.08664
   0.98127 -0.00226  0.08765
   0.98913 -0.00140  0.08772
   0.99622 -0.00051  0.08705
   1.00000  0.00000  0.08599
