MH61                                            
 Alfa =  -4.00000 Re =  1232532.000 Xflap,Yflap =     0.000000    0.000000
#    x        y        Cp  
   1.00000  0.00000  0.13821
   0.99624 -0.00023  0.16257
   0.98929 -0.00051  0.19992
   0.98156 -0.00063  0.21647
   0.97340 -0.00056  0.22336
   0.96502 -0.00034  0.22682
   0.95655  0.00000  0.22606
   0.94800  0.00043  0.22411
   0.93942  0.00095  0.22199
   0.93082  0.00154  0.21946
   0.92221  0.00220  0.21714
   0.91359  0.00291  0.21374
   0.90497  0.00369  0.20858
   0.89633  0.00453  0.20496
   0.88769  0.00542  0.19944
   0.87904  0.00635  0.19448
   0.87039  0.00733  0.18908
   0.86172  0.00836  0.18197
   0.85306  0.00942  0.17537
   0.84438  0.01051  0.17076
   0.83570  0.01163  0.16340
   0.82702  0.01278  0.15877
   0.81833  0.01397  0.15036
   0.80963  0.01516  0.14566
   0.80094  0.01639  0.13899
   0.79224  0.01762  0.13432
   0.78353  0.01887  0.12980
   0.77482  0.02015  0.12483
   0.76611  0.02143  0.12014
   0.75740  0.02273  0.11276
   0.74867  0.02403  0.09916
   0.73995  0.02534  0.06831
   0.73122  0.02666  0.01788
   0.72248  0.02798 -0.00805
   0.71374  0.02930 -0.01145
   0.70501  0.03063 -0.01485
   0.69628  0.03194 -0.01829
   0.68756  0.03324 -0.02181
   0.67884  0.03455 -0.02548
   0.67014  0.03583 -0.02931
   0.66143  0.03710 -0.03334
   0.65274  0.03836 -0.03764
   0.64404  0.03959 -0.04229
   0.63534  0.04081 -0.04724
   0.62665  0.04200 -0.05267
   0.61796  0.04318 -0.05846
   0.60927  0.04433 -0.06421
   0.60058  0.04545 -0.07037
   0.59189  0.04655 -0.07639
   0.58319  0.04763 -0.08275
   0.57450  0.04867 -0.08800
   0.56581  0.04969 -0.09408
   0.55711  0.05068 -0.09952
   0.54841  0.05164 -0.10484
   0.53971  0.05257 -0.10987
   0.53101  0.05347 -0.11490
   0.52231  0.05433 -0.11847
   0.51361  0.05517 -0.12370
   0.50491  0.05598 -0.12771
   0.49620  0.05674 -0.13012
   0.48749  0.05749 -0.13436
   0.47878  0.05819 -0.13748
   0.47007  0.05886 -0.13913
   0.46136  0.05951 -0.14344
   0.45264  0.06010 -0.14452
   0.44393  0.06067 -0.14601
   0.43521  0.06121 -0.14897
   0.42649  0.06171 -0.15043
   0.41778  0.06217 -0.15106
   0.40906  0.06260 -0.15336
   0.40034  0.06298 -0.15231
   0.39162  0.06334 -0.15345
   0.38290  0.06365 -0.15358
   0.37418  0.06393 -0.15286
   0.36547  0.06417 -0.15464
   0.35675  0.06437 -0.15288
   0.34804  0.06452 -0.15210
   0.33932  0.06464 -0.15174
   0.33061  0.06471 -0.14917
   0.32190  0.06474 -0.14752
   0.31320  0.06473 -0.14635
   0.30450  0.06467 -0.14343
   0.29581  0.06457 -0.14191
   0.28712  0.06442 -0.13726
   0.27843  0.06422 -0.13550
   0.26976  0.06396 -0.13015
   0.26109  0.06366 -0.12558
   0.25242  0.06331 -0.12196
   0.24377  0.06290 -0.11569
   0.23513  0.06243 -0.10912
   0.22649  0.06190 -0.10182
   0.21787  0.06131 -0.09539
   0.20926  0.06065 -0.08563
   0.20067  0.05993 -0.07496
   0.19209  0.05914 -0.06584
   0.18352  0.05828 -0.05336
   0.17498  0.05735 -0.04155
   0.16646  0.05634 -0.02581
   0.15795  0.05525 -0.01135
   0.14947  0.05408  0.00790
   0.14101  0.05282  0.02599
   0.13258  0.05148  0.04583
   0.12418  0.05004  0.06979
   0.11582  0.04850  0.09673
   0.10749  0.04687  0.12158
   0.09922  0.04514  0.15143
   0.09100  0.04329  0.18585
   0.08285  0.04132  0.22343
   0.07477  0.03923  0.26271
   0.06679  0.03700  0.30852
   0.05893  0.03463  0.36033
   0.05121  0.03210  0.42162
   0.04367  0.02940  0.48879
   0.03636  0.02653  0.56544
   0.02937  0.02348  0.65384
   0.02285  0.02030  0.75089
   0.01700  0.01705  0.85184
   0.01215  0.01396  0.93991
   0.00844  0.01121  0.99365
   0.00576  0.00889  0.99149
   0.00386  0.00698  0.91844
   0.00251  0.00537  0.76078
   0.00154  0.00401  0.48925
   0.00085  0.00280  0.08090
   0.00037  0.00172 -0.56172
   0.00008  0.00074 -1.59524
   0.00000 -0.00018 -3.26283
   0.00023 -0.00107 -3.60318
   0.00080 -0.00195 -3.32739
   0.00162 -0.00286 -3.19646
   0.00271 -0.00383 -3.12508
   0.00415 -0.00492 -3.06046
   0.00607 -0.00617 -2.20621
   0.00871 -0.00767 -1.77942
   0.01237 -0.00947 -1.60917
   0.01730 -0.01151 -1.45526
   0.02349 -0.01369 -1.31976
   0.03055 -0.01587 -1.22795
   0.03809 -0.01790 -1.15327
   0.04593 -0.01978 -1.08673
   0.05394 -0.02149 -1.03728
   0.06209 -0.02306 -0.99283
   0.07033 -0.02449 -0.95485
   0.07865 -0.02579 -0.91731
   0.08702 -0.02699 -0.88867
   0.09545 -0.02808 -0.85701
   0.10392 -0.02908 -0.83391
   0.11242 -0.02998 -0.80698
   0.12096 -0.03080 -0.78411
   0.12953 -0.03155 -0.76239
   0.13812 -0.03221 -0.73758
   0.14673 -0.03282 -0.71971
   0.15536 -0.03336 -0.69706
   0.16401 -0.03385 -0.68064
   0.17267 -0.03428 -0.66254
   0.18134 -0.03466 -0.64719
   0.19003 -0.03499 -0.62729
   0.19873 -0.03527 -0.61153
   0.20743 -0.03552 -0.59800
   0.21615 -0.03571 -0.58164
   0.22487 -0.03587 -0.56590
   0.23360 -0.03600 -0.55374
   0.24234 -0.03608 -0.53981
   0.25108 -0.03613 -0.52496
   0.25983 -0.03615 -0.51062
   0.26858 -0.03615 -0.50068
   0.27734 -0.03611 -0.48593
   0.28610 -0.03605 -0.47504
   0.29487 -0.03597 -0.46241
   0.30364 -0.03586 -0.45241
   0.31242 -0.03572 -0.43962
   0.32120 -0.03556 -0.42872
   0.32998 -0.03539 -0.41798
   0.33876 -0.03519 -0.40666
   0.34755 -0.03499 -0.39826
   0.35634 -0.03475 -0.38662
   0.36513 -0.03451 -0.37684
   0.37393 -0.03425 -0.36884
   0.38273 -0.03398 -0.35963
   0.39153 -0.03368 -0.34874
   0.40033 -0.03339 -0.34156
   0.40913 -0.03308 -0.33240
   0.41794 -0.03275 -0.32471
   0.42675 -0.03241 -0.31423
   0.43556 -0.03207 -0.30721
   0.44437 -0.03171 -0.29874
   0.45318 -0.03136 -0.29283
   0.46199 -0.03099 -0.28396
   0.47081 -0.03062 -0.27852
   0.47962 -0.03022 -0.26878
   0.48844 -0.02984 -0.26370
   0.49726 -0.02944 -0.25623
   0.50608 -0.02904 -0.24960
   0.51490 -0.02863 -0.24253
   0.52372 -0.02821 -0.23638
   0.53254 -0.02780 -0.23090
   0.54136 -0.02738 -0.22481
   0.55018 -0.02695 -0.21826
   0.55901 -0.02652 -0.21229
   0.56783 -0.02609 -0.20705
   0.57665 -0.02565 -0.20066
   0.58548 -0.02521 -0.19496
   0.59430 -0.02476 -0.18994
   0.60313 -0.02432 -0.18532
   0.61195 -0.02387 -0.17965
   0.62078 -0.02342 -0.17486
   0.62960 -0.02296 -0.16857
   0.63843 -0.02251 -0.16491
   0.64726 -0.02205 -0.15946
   0.65608 -0.02159 -0.15504
   0.66491 -0.02112 -0.14892
   0.67374 -0.02066 -0.14566
   0.68256 -0.02019 -0.13977
   0.69139 -0.01972 -0.13558
   0.70021 -0.01925 -0.13083
   0.70904 -0.01878 -0.12691
   0.71787 -0.01830 -0.12199
   0.72669 -0.01782 -0.11711
   0.73552 -0.01734 -0.11260
   0.74435 -0.01686 -0.10838
   0.75317 -0.01638 -0.10390
   0.76200 -0.01590 -0.10023
   0.77082 -0.01541 -0.09491
   0.77965 -0.01492 -0.09092
   0.78847 -0.01443 -0.08644
   0.79729 -0.01393 -0.08094
   0.80612 -0.01344 -0.07787
   0.81494 -0.01294 -0.07249
   0.82377 -0.01244 -0.06812
   0.83259 -0.01194 -0.06402
   0.84142 -0.01143 -0.05876
   0.85024 -0.01093 -0.05496
   0.85906 -0.01041 -0.04884
   0.86787 -0.00990 -0.04506
   0.87669 -0.00938 -0.03981
   0.88550 -0.00886 -0.03481
   0.89432 -0.00833 -0.02971
   0.90312 -0.00780 -0.02456
   0.91193 -0.00725 -0.01820
   0.92072 -0.00670 -0.01232
   0.92950 -0.00614 -0.00580
   0.93827 -0.00557  0.00167
   0.94703 -0.00498  0.00883
   0.95576 -0.00436  0.01837
   0.96441 -0.00371  0.02977
   0.97295 -0.00303  0.04229
   0.98127 -0.00226  0.06129
   0.98913 -0.00140  0.08771
   0.99622 -0.00051  0.11733
   1.00000  0.00000  0.13821
