MH104                                           
 Alfa =   6.00000 Re =   958636.000 Xflap,Yflap =     0.000000    0.000000
#    x        y        Cp  
   1.00000  0.00000  0.21127
   0.99592  0.00019  0.20046
   0.98925  0.00065  0.18328
   0.98187  0.00132  0.17069
   0.97376  0.00217  0.15751
   0.96499  0.00316  0.14323
   0.95570  0.00422  0.13107
   0.94612  0.00534  0.11871
   0.93638  0.00648  0.10886
   0.92658  0.00766  0.09852
   0.91675  0.00886  0.08970
   0.90690  0.01010  0.08034
   0.89705  0.01138  0.07079
   0.88719  0.01270  0.06050
   0.87731  0.01405  0.05060
   0.86743  0.01543  0.04071
   0.85753  0.01685  0.03000
   0.84762  0.01830  0.01939
   0.83771  0.01978  0.00816
   0.82778  0.02129 -0.00339
   0.81785  0.02282 -0.01474
   0.80790  0.02438 -0.02672
   0.79795  0.02596 -0.03895
   0.78799  0.02756 -0.05095
   0.77802  0.02919 -0.06441
   0.76804  0.03083 -0.07699
   0.75805  0.03249 -0.09025
   0.74805  0.03417 -0.10453
   0.73804  0.03586 -0.11795
   0.72802  0.03757 -0.13326
   0.71799  0.03928 -0.14671
   0.70795  0.04101 -0.16216
   0.69791  0.04275 -0.17835
   0.68785  0.04449 -0.19365
   0.67778  0.04624 -0.21001
   0.66770  0.04799 -0.22612
   0.65763  0.04974 -0.24288
   0.64755  0.05149 -0.25991
   0.63748  0.05324 -0.27804
   0.62742  0.05498 -0.29530
   0.61737  0.05672 -0.31515
   0.60733  0.05844 -0.33282
   0.59731  0.06015 -0.35172
   0.58730  0.06185 -0.37084
   0.57730  0.06354 -0.39225
   0.56731  0.06521 -0.41238
   0.55733  0.06686 -0.43275
   0.54737  0.06849 -0.45420
   0.53742  0.07010 -0.47654
   0.52748  0.07168 -0.49740
   0.51755  0.07324 -0.51948
   0.50763  0.07478 -0.54485
   0.49773  0.07628 -0.56713
   0.48784  0.07775 -0.59083
   0.47797  0.07919 -0.61634
   0.46811  0.08059 -0.64095
   0.45826  0.08195 -0.66543
   0.44844  0.08327 -0.69104
   0.43862  0.08455 -0.71737
   0.42883  0.08578 -0.74108
   0.41905  0.08697 -0.77058
   0.40929  0.08810 -0.79376
   0.39955  0.08918 -0.81960
   0.38983  0.09020 -0.84284
   0.38012  0.09116 -0.86463
   0.37045  0.09206 -0.89365
   0.36080  0.09290 -0.95412
   0.35119  0.09366 -1.08988
   0.34164  0.09434 -1.19999
   0.33215  0.09494 -1.21290
   0.32272  0.09545 -1.22609
   0.31335  0.09585 -1.24016
   0.30404  0.09615 -1.25534
   0.29478  0.09635 -1.27271
   0.28556  0.09642 -1.29182
   0.27638  0.09638 -1.31328
   0.26723  0.09622 -1.33526
   0.25808  0.09594 -1.35742
   0.24894  0.09553 -1.37712
   0.23979  0.09500 -1.39591
   0.23065  0.09435 -1.41323
   0.22151  0.09359 -1.43349
   0.21239  0.09270 -1.44807
   0.20330  0.09170 -1.46681
   0.19426  0.09058 -1.48349
   0.18526  0.08934 -1.50017
   0.17632  0.08798 -1.51711
   0.16743  0.08649 -1.53183
   0.15862  0.08488 -1.54677
   0.14988  0.08314 -1.56067
   0.14121  0.08127 -1.57404
   0.13263  0.07927 -1.58699
   0.12416  0.07714 -1.60011
   0.11579  0.07487 -1.60907
   0.10756  0.07248 -1.62354
   0.09948  0.06995 -1.62990
   0.09157  0.06730 -1.64170
   0.08388  0.06453 -1.64843
   0.07641  0.06164 -1.65265
   0.06922  0.05866 -1.65891
   0.06234  0.05559 -1.65673
   0.05581  0.05246 -1.65202
   0.04967  0.04930 -1.64329
   0.04395  0.04614 -1.63573
   0.03869  0.04301 -1.61429
   0.03391  0.03996 -1.59224
   0.02960  0.03702 -1.57406
   0.02574  0.03420 -1.54944
   0.02232  0.03152 -1.52014
   0.01930  0.02898 -1.47898
   0.01663  0.02659 -1.44964
   0.01427  0.02434 -1.42294
   0.01219  0.02221 -1.37990
   0.01036  0.02020 -1.33390
   0.00875  0.01831 -1.29961
   0.00732  0.01651 -1.25549
   0.00606  0.01480 -1.20727
   0.00495  0.01317 -1.16488
   0.00398  0.01163 -1.13865
   0.00314  0.01015 -1.06499
   0.00241  0.00873 -1.01940
   0.00180  0.00737 -0.93237
   0.00127  0.00605 -0.88114
   0.00084  0.00479 -0.80709
   0.00050  0.00357 -0.71598
   0.00025  0.00239 -0.62611
   0.00008  0.00126 -0.57312
   0.00000  0.00016 -0.51705
   0.00005 -0.00093 -0.37659
   0.00026 -0.00202 -0.14860
   0.00070 -0.00309  0.23262
   0.00131 -0.00414  0.50434
   0.00206 -0.00518  0.69505
   0.00292 -0.00621  0.81781
   0.00391 -0.00725  0.90200
   0.00501 -0.00831  0.95043
   0.00623 -0.00939  0.98128
   0.00759 -0.01050  0.99746
   0.00911 -0.01165  1.00023
   0.01079 -0.01283  0.99314
   0.01267 -0.01406  0.97867
   0.01477 -0.01533  0.95788
   0.01711 -0.01667  0.93163
   0.01973 -0.01807  0.90175
   0.02267 -0.01956  0.86794
   0.02598 -0.02114  0.82765
   0.02972 -0.02281  0.78664
   0.03393 -0.02457  0.74436
   0.03867 -0.02642  0.69949
   0.04399 -0.02837  0.64903
   0.04990 -0.03037  0.60414
   0.05636 -0.03241  0.55725
   0.06334 -0.03446  0.50853
   0.07076 -0.03647  0.46553
   0.07856 -0.03843  0.42298
   0.08664 -0.04030  0.38322
   0.09498 -0.04207  0.34770
   0.10350 -0.04374  0.31247
   0.11218 -0.04529  0.28252
   0.12099 -0.04672  0.25435
   0.12991 -0.04804  0.22974
   0.13892 -0.04925  0.20719
   0.14801 -0.05035  0.18584
   0.15717 -0.05134  0.16736
   0.16640 -0.05222  0.15233
   0.17569 -0.05300  0.13894
   0.18505 -0.05369  0.12619
   0.19447 -0.05429  0.11561
   0.20395 -0.05480  0.10740
   0.21349 -0.05523  0.10018
   0.22308 -0.05559  0.09259
   0.23273 -0.05588  0.08709
   0.24241 -0.05610  0.08093
   0.25213 -0.05625  0.07808
   0.26188 -0.05635  0.07356
   0.27166 -0.05639  0.07093
   0.28147 -0.05638  0.06761
   0.29130 -0.05632  0.06481
   0.30116 -0.05621  0.06274
   0.31104 -0.05605  0.06149
   0.32094 -0.05585  0.06035
   0.33086 -0.05561  0.05958
   0.34080 -0.05533  0.05940
   0.35076 -0.05502  0.05784
   0.36074 -0.05467  0.05850
   0.37074 -0.05429  0.05836
   0.38074 -0.05389  0.05766
   0.39077 -0.05345  0.05812
   0.40080 -0.05299  0.05824
   0.41084 -0.05250  0.05905
   0.42090 -0.05199  0.05931
   0.43097 -0.05146  0.05939
   0.44105 -0.05091  0.05992
   0.45114 -0.05034  0.06024
   0.46123 -0.04975  0.06069
   0.47134 -0.04914  0.06169
   0.48145 -0.04852  0.06212
   0.49156 -0.04789  0.06191
   0.50167 -0.04724  0.06225
   0.51178 -0.04657  0.06315
   0.52190 -0.04590  0.06237
   0.53201 -0.04520  0.06399
   0.54211 -0.04450  0.06345
   0.55222 -0.04378  0.06372
   0.56233 -0.04304  0.06501
   0.57244 -0.04229  0.06565
   0.58255 -0.04153  0.06627
   0.59266 -0.04076  0.06656
   0.60278 -0.03997  0.06756
   0.61290 -0.03916  0.06911
   0.62302 -0.03835  0.07016
   0.63315 -0.03753  0.07059
   0.64328 -0.03669  0.07212
   0.65341 -0.03584  0.07347
   0.66354 -0.03498  0.07499
   0.67367 -0.03411  0.07662
   0.68380 -0.03324  0.07729
   0.69393 -0.03235  0.07914
   0.70407 -0.03145  0.08067
   0.71420 -0.03054  0.08284
   0.72433 -0.02963  0.08395
   0.73446 -0.02870  0.08621
   0.74460 -0.02776  0.08851
   0.75473 -0.02682  0.09054
   0.76486 -0.02587  0.09237
   0.77499 -0.02490  0.09564
   0.78512 -0.02393  0.09804
   0.79525 -0.02295  0.10091
   0.80538 -0.02196  0.10426
   0.81550 -0.02097  0.10719
   0.82562 -0.01996  0.11094
   0.83574 -0.01894  0.11510
   0.84585 -0.01792  0.11899
   0.85596 -0.01688  0.12373
   0.86606 -0.01584  0.12803
   0.87615 -0.01478  0.13275
   0.88623 -0.01371  0.13710
   0.89629 -0.01264  0.14089
   0.90632 -0.01155  0.14410
   0.91630 -0.01045  0.14680
   0.92621 -0.00934  0.14909
   0.93602 -0.00822  0.15082
   0.94567 -0.00708  0.15195
   0.95513 -0.00592  0.15253
   0.96431 -0.00475  0.15263
   0.97311 -0.00357  0.15229
   0.98142 -0.00244  0.15174
   0.98906 -0.00140  0.15113
   1.00000  0.00000  0.21127
