MH104                                           
 Alfa =   2.00000 Re =   958636.000 Xflap,Yflap =     0.000000    0.000000
#    x        y        Cp  
   1.00000  0.00000  0.28751
   0.99592  0.00019  0.27879
   0.98925  0.00065  0.26067
   0.98187  0.00132  0.24513
   0.97376  0.00217  0.22887
   0.96499  0.00316  0.21168
   0.95570  0.00422  0.19745
   0.94612  0.00534  0.18345
   0.93638  0.00648  0.17297
   0.92658  0.00766  0.16217
   0.91675  0.00886  0.15349
   0.90690  0.01010  0.14456
   0.89705  0.01138  0.13540
   0.88719  0.01270  0.12587
   0.87731  0.01405  0.11686
   0.86743  0.01543  0.10804
   0.85753  0.01685  0.09838
   0.84762  0.01830  0.08910
   0.83771  0.01978  0.07919
   0.82778  0.02129  0.06913
   0.81785  0.02282  0.05944
   0.80790  0.02438  0.04913
   0.79795  0.02596  0.03881
   0.78799  0.02756  0.02872
   0.77802  0.02919  0.01709
   0.76804  0.03083  0.00676
   0.75805  0.03249 -0.00430
   0.74805  0.03417 -0.01631
   0.73804  0.03586 -0.02728
   0.72802  0.03757 -0.04018
   0.71799  0.03928 -0.05078
   0.70795  0.04101 -0.06368
   0.69791  0.04275 -0.07715
   0.68785  0.04449 -0.08910
   0.67778  0.04624 -0.10263
   0.66770  0.04799 -0.11556
   0.65763  0.04974 -0.12885
   0.64755  0.05149 -0.14237
   0.63748  0.05324 -0.15705
   0.62742  0.05498 -0.17036
   0.61737  0.05672 -0.18649
   0.60733  0.05844 -0.19996
   0.59731  0.06015 -0.21463
   0.58730  0.06185 -0.22938
   0.57730  0.06354 -0.24611
   0.56731  0.06521 -0.26143
   0.55733  0.06686 -0.27676
   0.54737  0.06849 -0.29271
   0.53742  0.07010 -0.30979
   0.52748  0.07168 -0.32420
   0.51755  0.07324 -0.34025
   0.50763  0.07478 -0.35871
   0.49773  0.07628 -0.37372
   0.48784  0.07775 -0.38897
   0.47797  0.07919 -0.40555
   0.46811  0.08059 -0.41976
   0.45826  0.08195 -0.43164
   0.44844  0.08327 -0.44294
   0.43862  0.08455 -0.45291
   0.42883  0.08578 -0.46901
   0.41905  0.08697 -0.53283
   0.40929  0.08810 -0.68942
   0.39955  0.08918 -0.69947
   0.38983  0.09020 -0.70905
   0.38012  0.09116 -0.71850
   0.37045  0.09206 -0.72826
   0.36080  0.09290 -0.73885
   0.35119  0.09366 -0.75078
   0.34164  0.09434 -0.76403
   0.33215  0.09494 -0.77915
   0.32272  0.09545 -0.79707
   0.31335  0.09585 -0.81632
   0.30404  0.09615 -0.83675
   0.29478  0.09635 -0.85876
   0.28556  0.09642 -0.87557
   0.27638  0.09638 -0.89280
   0.26723  0.09622 -0.90623
   0.25808  0.09594 -0.91811
   0.24894  0.09553 -0.92463
   0.23979  0.09500 -0.93029
   0.23065  0.09435 -0.93343
   0.22151  0.09359 -0.93938
   0.21239  0.09270 -0.93927
   0.20330  0.09170 -0.94241
   0.19426  0.09058 -0.94176
   0.18526  0.08934 -0.94203
   0.17632  0.08798 -0.94080
   0.16743  0.08649 -0.93633
   0.15862  0.08488 -0.93273
   0.14988  0.08314 -0.92461
   0.14121  0.08127 -0.91640
   0.13263  0.07927 -0.90718
   0.12416  0.07714 -0.89465
   0.11579  0.07487 -0.87870
   0.10756  0.07248 -0.86506
   0.09948  0.06995 -0.84253
   0.09157  0.06730 -0.82370
   0.08388  0.06453 -0.79723
   0.07641  0.06164 -0.76604
   0.06922  0.05866 -0.73571
   0.06234  0.05559 -0.69498
   0.05581  0.05246 -0.65184
   0.04967  0.04930 -0.60256
   0.04395  0.04614 -0.55169
   0.03869  0.04301 -0.48982
   0.03391  0.03996 -0.42679
   0.02960  0.03702 -0.36291
   0.02574  0.03420 -0.30063
   0.02232  0.03152 -0.22909
   0.01930  0.02898 -0.15328
   0.01663  0.02659 -0.08608
   0.01427  0.02434 -0.02007
   0.01219  0.02221  0.05322
   0.01036  0.02020  0.12949
   0.00875  0.01831  0.19698
   0.00732  0.01651  0.26649
   0.00606  0.01480  0.33911
   0.00495  0.01317  0.40605
   0.00398  0.01163  0.47231
   0.00314  0.01015  0.54471
   0.00241  0.00873  0.60692
   0.00180  0.00737  0.68373
   0.00127  0.00605  0.74433
   0.00084  0.00479  0.80480
   0.00050  0.00357  0.86247
   0.00025  0.00239  0.91159
   0.00008  0.00126  0.95465
   0.00000  0.00016  0.98458
   0.00005 -0.00093  1.00021
   0.00026 -0.00202  0.98759
   0.00070 -0.00309  0.94773
   0.00131 -0.00414  0.89790
   0.00206 -0.00518  0.84543
   0.00292 -0.00621  0.79252
   0.00391 -0.00725  0.74134
   0.00501 -0.00831  0.69474
   0.00623 -0.00939  0.63841
   0.00759 -0.01050  0.58944
   0.00911 -0.01165  0.53747
   0.01079 -0.01283  0.49132
   0.01267 -0.01406  0.44075
   0.01477 -0.01533  0.40302
   0.01711 -0.01667  0.35749
   0.01973 -0.01807  0.31876
   0.02267 -0.01956  0.27507
   0.02598 -0.02114  0.22901
   0.02972 -0.02281  0.18824
   0.03393 -0.02457  0.14556
   0.03867 -0.02642  0.10838
   0.04399 -0.02837  0.06280
   0.04990 -0.03037  0.02917
   0.05636 -0.03241 -0.00750
   0.06334 -0.03446 -0.04367
   0.07076 -0.03647 -0.07393
   0.07856 -0.03843 -0.10504
   0.08664 -0.04030 -0.13151
   0.09498 -0.04207 -0.15371
   0.10350 -0.04374 -0.17616
   0.11218 -0.04529 -0.19382
   0.12099 -0.04672 -0.20778
   0.12991 -0.04804 -0.22007
   0.13892 -0.04925 -0.23128
   0.14801 -0.05035 -0.24064
   0.15717 -0.05134 -0.24743
   0.16640 -0.05222 -0.25093
   0.17569 -0.05300 -0.25293
   0.18505 -0.05369 -0.25470
   0.19447 -0.05429 -0.25470
   0.20395 -0.05480 -0.25303
   0.21349 -0.05523 -0.25010
   0.22308 -0.05559 -0.24738
   0.23273 -0.05588 -0.24466
   0.24241 -0.05610 -0.24147
   0.25213 -0.05625 -0.23560
   0.26188 -0.05635 -0.23208
   0.27166 -0.05639 -0.22726
   0.28147 -0.05638 -0.22266
   0.29130 -0.05632 -0.21832
   0.30116 -0.05621 -0.21360
   0.31104 -0.05605 -0.20779
   0.32094 -0.05585 -0.20268
   0.33086 -0.05561 -0.19751
   0.34080 -0.05533 -0.19183
   0.35076 -0.05502 -0.18700
   0.36074 -0.05467 -0.18141
   0.37074 -0.05429 -0.17584
   0.38074 -0.05389 -0.17164
   0.39077 -0.05345 -0.16603
   0.40080 -0.05299 -0.16125
   0.41084 -0.05250 -0.15601
   0.42090 -0.05199 -0.15122
   0.43097 -0.05146 -0.14656
   0.44105 -0.05091 -0.14210
   0.45114 -0.05034 -0.13768
   0.46123 -0.04975 -0.13322
   0.47134 -0.04914 -0.12869
   0.48145 -0.04852 -0.12466
   0.49156 -0.04789 -0.12115
   0.50167 -0.04724 -0.11736
   0.51178 -0.04657 -0.11314
   0.52190 -0.04590 -0.11051
   0.53201 -0.04520 -0.10607
   0.54211 -0.04450 -0.10326
   0.55222 -0.04378 -0.09988
   0.56233 -0.04304 -0.09598
   0.57244 -0.04229 -0.09252
   0.58255 -0.04153 -0.08913
   0.59266 -0.04076 -0.08608
   0.60278 -0.03997 -0.08257
   0.61290 -0.03916 -0.07857
   0.62302 -0.03835 -0.07527
   0.63315 -0.03753 -0.07224
   0.64328 -0.03669 -0.06856
   0.65341 -0.03584 -0.06506
   0.66354 -0.03498 -0.06161
   0.67367 -0.03411 -0.05802
   0.68380 -0.03324 -0.05515
   0.69393 -0.03235 -0.05164
   0.70407 -0.03145 -0.04833
   0.71420 -0.03054 -0.04483
   0.72433 -0.02963 -0.04189
   0.73446 -0.02870 -0.03848
   0.74460 -0.02776 -0.03510
   0.75473 -0.02682 -0.03208
   0.76486 -0.02587 -0.02917
   0.77499 -0.02490 -0.02572
   0.78512 -0.02393 -0.02287
   0.79525 -0.02295 -0.01998
   0.80538 -0.02196 -0.01706
   0.81550 -0.02097 -0.01471
   0.82562 -0.01996 -0.01223
   0.83574 -0.01894 -0.00997
   0.84585 -0.01792 -0.00866
   0.85596 -0.01688 -0.00783
   0.86606 -0.01584  0.00504
   0.87615 -0.01478  0.02176
   0.88623 -0.01371  0.03785
   0.89629 -0.01264  0.04964
   0.90632 -0.01155  0.05935
   0.91630 -0.01045  0.06720
   0.92621 -0.00934  0.07390
   0.93602 -0.00822  0.08039
   0.94567 -0.00708  0.08999
   0.95513 -0.00592  0.10267
   0.96431 -0.00475  0.11876
   0.97311 -0.00357  0.14400
   0.98142 -0.00244  0.17246
   0.98906 -0.00140  0.20432
   1.00000  0.00000  0.28751
