MH61                                            
 Alfa =   0.00000 Re =  1232532.000 Xflap,Yflap =     0.000000    0.000000
#    x        y        Cp  
   1.00000  0.00000  0.17823
   0.99624 -0.00023  0.19017
   0.98929 -0.00051  0.21043
   0.98156 -0.00063  0.22016
   0.97340 -0.00056  0.22205
   0.96502 -0.00034  0.22104
   0.95655  0.00000  0.21647
   0.94800  0.00043  0.21257
   0.93942  0.00095  0.20715
   0.93082  0.00154  0.20214
   0.92221  0.00220  0.19674
   0.91359  0.00291  0.19109
   0.90497  0.00369  0.18372
   0.89633  0.00453  0.17732
   0.88769  0.00542  0.16938
   0.87904  0.00635  0.16211
   0.87039  0.00733  0.15408
   0.86172  0.00836  0.14462
   0.85306  0.00942  0.13598
   0.84438  0.01051  0.12794
   0.83570  0.01163  0.11789
   0.82702  0.01278  0.11020
   0.81833  0.01397  0.09883
   0.80963  0.01516  0.09065
   0.80094  0.01639  0.07988
   0.79224  0.01762  0.07114
   0.78353  0.01887  0.06182
   0.77482  0.02015  0.05091
   0.76611  0.02143  0.04135
   0.75740  0.02273  0.03108
   0.74867  0.02403  0.02169
   0.73995  0.02534  0.01042
   0.73122  0.02666  0.00093
   0.72248  0.02798 -0.00920
   0.71374  0.02930 -0.01954
   0.70501  0.03063 -0.03024
   0.69628  0.03194 -0.03958
   0.68756  0.03324 -0.04791
   0.67884  0.03455 -0.05830
   0.67014  0.03583 -0.06657
   0.66143  0.03710 -0.07636
   0.65274  0.03836 -0.08986
   0.64404  0.03959 -0.11345
   0.63534  0.04081 -0.15435
   0.62665  0.04200 -0.20301
   0.61796  0.04318 -0.20653
   0.60927  0.04433 -0.21072
   0.60058  0.04545 -0.21524
   0.59189  0.04655 -0.21992
   0.58319  0.04763 -0.22491
   0.57450  0.04867 -0.22997
   0.56581  0.04969 -0.23544
   0.55711  0.05068 -0.24115
   0.54841  0.05164 -0.24714
   0.53971  0.05257 -0.25336
   0.53101  0.05347 -0.25991
   0.52231  0.05433 -0.26608
   0.51361  0.05517 -0.27315
   0.50491  0.05598 -0.27990
   0.49620  0.05674 -0.28580
   0.48749  0.05749 -0.29296
   0.47878  0.05819 -0.29943
   0.47007  0.05886 -0.30501
   0.46136  0.05951 -0.31242
   0.45264  0.06010 -0.31761
   0.44393  0.06067 -0.32336
   0.43521  0.06121 -0.32981
   0.42649  0.06171 -0.33561
   0.41778  0.06217 -0.34044
   0.40906  0.06260 -0.34689
   0.40034  0.06298 -0.35054
   0.39162  0.06334 -0.35606
   0.38290  0.06365 -0.36090
   0.37418  0.06393 -0.36497
   0.36547  0.06417 -0.37130
   0.35675  0.06437 -0.37490
   0.34804  0.06452 -0.37919
   0.33932  0.06464 -0.38379
   0.33061  0.06471 -0.38701
   0.32190  0.06474 -0.39048
   0.31320  0.06473 -0.39509
   0.30450  0.06467 -0.39808
   0.29581  0.06457 -0.40270
   0.28712  0.06442 -0.40415
   0.27843  0.06422 -0.40873
   0.26976  0.06396 -0.40999
   0.26109  0.06366 -0.41225
   0.25242  0.06331 -0.41546
   0.24377  0.06290 -0.41686
   0.23513  0.06243 -0.41730
   0.22649  0.06190 -0.41849
   0.21787  0.06131 -0.41937
   0.20926  0.06065 -0.41862
   0.20067  0.05993 -0.41565
   0.19209  0.05914 -0.41602
   0.18352  0.05828 -0.41243
   0.17498  0.05735 -0.40995
   0.16646  0.05634 -0.40472
   0.15795  0.05525 -0.40013
   0.14947  0.05408 -0.39178
   0.14101  0.05282 -0.38478
   0.13258  0.05148 -0.37698
   0.12418  0.05004 -0.36457
   0.11582  0.04850 -0.35111
   0.10749  0.04687 -0.34040
   0.09922  0.04514 -0.32515
   0.09100  0.04329 -0.30596
   0.08285  0.04132 -0.28475
   0.07477  0.03923 -0.26428
   0.06679  0.03700 -0.23751
   0.05893  0.03463 -0.20531
   0.05121  0.03210 -0.16267
   0.04367  0.02940 -0.11783
   0.03636  0.02653 -0.06020
   0.02937  0.02348  0.01216
   0.02285  0.02030  0.10018
   0.01700  0.01705  0.20970
   0.01215  0.01396  0.33788
   0.00844  0.01121  0.47328
   0.00576  0.00889  0.61018
   0.00386  0.00698  0.73059
   0.00251  0.00537  0.84196
   0.00154  0.00401  0.92469
   0.00085  0.00280  0.98471
   0.00037  0.00172  0.99881
   0.00008  0.00074  0.93539
   0.00000 -0.00018  0.70100
   0.00023 -0.00107  0.38471
   0.00080 -0.00195  0.27879
   0.00162 -0.00286  0.20155
   0.00271 -0.00383  0.12821
   0.00415 -0.00492  0.06764
   0.00607 -0.00617  0.00384
   0.00871 -0.00767 -0.06154
   0.01237 -0.00947 -0.13115
   0.01730 -0.01151 -0.17487
   0.02349 -0.01369 -0.20304
   0.03055 -0.01587 -0.23456
   0.03809 -0.01790 -0.25892
   0.04593 -0.01978 -0.27342
   0.05394 -0.02149 -0.28742
   0.06209 -0.02306 -0.29653
   0.07033 -0.02449 -0.30412
   0.07865 -0.02579 -0.30731
   0.08702 -0.02699 -0.31150
   0.09545 -0.02808 -0.31216
   0.10392 -0.02908 -0.31443
   0.11242 -0.02998 -0.31331
   0.12096 -0.03080 -0.31210
   0.12953 -0.03155 -0.31127
   0.13812 -0.03221 -0.30642
   0.14673 -0.03282 -0.30467
   0.15536 -0.03336 -0.29941
   0.16401 -0.03385 -0.29692
   0.17267 -0.03428 -0.29285
   0.18134 -0.03466 -0.28955
   0.19003 -0.03499 -0.28386
   0.19873 -0.03527 -0.27914
   0.20743 -0.03552 -0.27580
   0.21615 -0.03571 -0.27022
   0.22487 -0.03587 -0.26463
   0.23360 -0.03600 -0.26083
   0.24234 -0.03608 -0.25569
   0.25108 -0.03613 -0.25003
   0.25983 -0.03615 -0.24401
   0.26858 -0.03615 -0.24038
   0.27734 -0.03611 -0.23422
   0.28610 -0.03605 -0.22955
   0.29487 -0.03597 -0.22414
   0.30364 -0.03586 -0.21978
   0.31242 -0.03572 -0.21413
   0.32120 -0.03556 -0.20883
   0.32998 -0.03539 -0.20402
   0.33876 -0.03519 -0.19853
   0.34755 -0.03499 -0.19468
   0.35634 -0.03475 -0.18893
   0.36513 -0.03451 -0.18419
   0.37393 -0.03425 -0.18010
   0.38273 -0.03398 -0.17568
   0.39153 -0.03368 -0.17021
   0.40033 -0.03339 -0.16666
   0.40913 -0.03308 -0.16186
   0.41794 -0.03275 -0.15805
   0.42675 -0.03241 -0.15280
   0.43556 -0.03207 -0.14901
   0.44437 -0.03171 -0.14464
   0.45318 -0.03136 -0.14146
   0.46199 -0.03099 -0.13705
   0.47081 -0.03062 -0.13405
   0.47962 -0.03022 -0.12929
   0.48844 -0.02984 -0.12656
   0.49726 -0.02944 -0.12253
   0.50608 -0.02904 -0.11926
   0.51490 -0.02863 -0.11550
   0.52372 -0.02821 -0.11230
   0.53254 -0.02780 -0.10948
   0.54136 -0.02738 -0.10646
   0.55018 -0.02695 -0.10293
   0.55901 -0.02652 -0.10008
   0.56783 -0.02609 -0.09727
   0.57665 -0.02565 -0.09428
   0.58548 -0.02521 -0.09143
   0.59430 -0.02476 -0.08896
   0.60313 -0.02432 -0.08678
   0.61195 -0.02387 -0.08407
   0.62078 -0.02342 -0.08192
   0.62960 -0.02296 -0.07909
   0.63843 -0.02251 -0.07745
   0.64726 -0.02205 -0.07523
   0.65608 -0.02159 -0.07351
   0.66491 -0.02112 -0.07125
   0.67374 -0.02066 -0.07031
   0.68256 -0.02019 -0.06865
   0.69139 -0.01972 -0.06816
   0.70021 -0.01925 -0.06796
   0.70904 -0.01878 -0.06851
   0.71787 -0.01830 -0.06035
   0.72669 -0.01782 -0.05014
   0.73552 -0.01734 -0.03973
   0.74435 -0.01686 -0.03130
   0.75317 -0.01638 -0.02617
   0.76200 -0.01590 -0.02417
   0.77082 -0.01541 -0.02118
   0.77965 -0.01492 -0.02001
   0.78847 -0.01443 -0.01962
   0.79729 -0.01393 -0.01668
   0.80612 -0.01344 -0.01777
   0.81494 -0.01294 -0.01543
   0.82377 -0.01244 -0.01419
   0.83259 -0.01194 -0.01405
   0.84142 -0.01143 -0.01065
   0.85024 -0.01093 -0.01203
   0.85906 -0.01041 -0.00726
   0.86787 -0.00990 -0.00769
   0.87669 -0.00938 -0.00545
   0.88550 -0.00886 -0.00402
   0.89432 -0.00833 -0.00187
   0.90312 -0.00780 -0.00124
   0.91193 -0.00725  0.00267
   0.92072 -0.00670  0.00416
   0.92950 -0.00614  0.00613
   0.93827 -0.00557  0.00991
   0.94703 -0.00498  0.01149
   0.95576 -0.00436  0.01541
   0.96441 -0.00371  0.02265
   0.97295 -0.00303  0.02874
   0.98127 -0.00226  0.04658
   0.98913 -0.00140  0.08272
   0.99622 -0.00051  0.13453
   1.00000  0.00000  0.17823
