MH104                                           
 Alfa =   8.00000 Re =  2081144.000 Xflap,Yflap =     0.000000    0.000000
#    x        y        Cp  
   1.00000  0.00000  0.22647
   0.99592  0.00019  0.21710
   0.98925  0.00065  0.20154
   0.98187  0.00132  0.18856
   0.97376  0.00217  0.17450
   0.96499  0.00316  0.15922
   0.95570  0.00422  0.14552
   0.94612  0.00534  0.13164
   0.93638  0.00648  0.11998
   0.92658  0.00766  0.10798
   0.91675  0.00886  0.09748
   0.90690  0.01010  0.08651
   0.89705  0.01138  0.07545
   0.88719  0.01270  0.06369
   0.87731  0.01405  0.05235
   0.86743  0.01543  0.04106
   0.85753  0.01685  0.02896
   0.84762  0.01830  0.01700
   0.83771  0.01978  0.00443
   0.82778  0.02129 -0.00846
   0.81785  0.02282 -0.02117
   0.80790  0.02438 -0.03450
   0.79795  0.02596 -0.04812
   0.78799  0.02756 -0.06148
   0.77802  0.02919 -0.07628
   0.76804  0.03083 -0.09031
   0.75805  0.03249 -0.10499
   0.74805  0.03417 -0.12068
   0.73804  0.03586 -0.13564
   0.72802  0.03757 -0.15243
   0.71799  0.03928 -0.16749
   0.70795  0.04101 -0.18450
   0.69791  0.04275 -0.20221
   0.68785  0.04449 -0.21925
   0.67778  0.04624 -0.23728
   0.66770  0.04799 -0.25515
   0.65763  0.04974 -0.27380
   0.64755  0.05149 -0.29259
   0.63748  0.05324 -0.31283
   0.62742  0.05498 -0.33189
   0.61737  0.05672 -0.35389
   0.60733  0.05844 -0.37376
   0.59731  0.06015 -0.39482
   0.58730  0.06185 -0.41625
   0.57730  0.06354 -0.43985
   0.56731  0.06521 -0.46274
   0.55733  0.06686 -0.48574
   0.54737  0.06849 -0.50975
   0.53742  0.07010 -0.53500
   0.52748  0.07168 -0.55866
   0.51755  0.07324 -0.58420
   0.50763  0.07478 -0.61254
   0.49773  0.07628 -0.63881
   0.48784  0.07775 -0.66598
   0.47797  0.07919 -0.69571
   0.46811  0.08059 -0.72418
   0.45826  0.08195 -0.75390
   0.44844  0.08327 -0.78405
   0.43862  0.08455 -0.81698
   0.42883  0.08578 -0.84675
   0.41905  0.08697 -0.88384
   0.40929  0.08810 -0.91571
   0.39955  0.08918 -0.95140
   0.38983  0.09020 -0.98749
   0.38012  0.09116 -1.02250
   0.37045  0.09206 -1.06154
   0.36080  0.09290 -1.10468
   0.35119  0.09366 -1.14516
   0.34164  0.09434 -1.18582
   0.33215  0.09494 -1.23092
   0.32272  0.09545 -1.27756
   0.31335  0.09585 -1.31626
   0.30404  0.09615 -1.35479
   0.29478  0.09635 -1.40001
   0.28556  0.09642 -1.42770
   0.27638  0.09638 -1.45874
   0.26723  0.09622 -1.48398
   0.25808  0.09594 -1.51345
   0.24894  0.09553 -1.55891
   0.23979  0.09500 -1.64436
   0.23065  0.09435 -1.65902
   0.22151  0.09359 -1.67604
   0.21239  0.09270 -1.69259
   0.20330  0.09170 -1.71499
   0.19426  0.09058 -1.73639
   0.18526  0.08934 -1.76056
   0.17632  0.08798 -1.78493
   0.16743  0.08649 -1.80788
   0.15862  0.08488 -1.83345
   0.14988  0.08314 -1.85702
   0.14121  0.08127 -1.88231
   0.13263  0.07927 -1.90757
   0.12416  0.07714 -1.93347
   0.11579  0.07487 -1.95653
   0.10756  0.07248 -1.98726
   0.09948  0.06995 -2.00893
   0.09157  0.06730 -2.03878
   0.08388  0.06453 -2.06428
   0.07641  0.06164 -2.08831
   0.06922  0.05866 -2.11803
   0.06234  0.05559 -2.13715
   0.05581  0.05246 -2.15884
   0.04967  0.04930 -2.17462
   0.04395  0.04614 -2.19587
   0.03869  0.04301 -2.20176
   0.03391  0.03996 -2.20685
   0.02960  0.03702 -2.21810
   0.02574  0.03420 -2.22783
   0.02232  0.03152 -2.22892
   0.01930  0.02898 -2.21513
   0.01663  0.02659 -2.21863
   0.01427  0.02434 -2.22337
   0.01219  0.02221 -2.21690
   0.01036  0.02020 -2.19943
   0.00875  0.01831 -2.19891
   0.00732  0.01651 -2.19033
   0.00606  0.01480 -2.17151
   0.00495  0.01317 -2.17233
   0.00398  0.01163 -2.18047
   0.00314  0.01015 -2.15049
   0.00241  0.00873 -2.14751
   0.00180  0.00737 -2.06662
   0.00127  0.00605 -2.06043
   0.00084  0.00479 -2.03331
   0.00050  0.00357 -1.97532
   0.00025  0.00239 -1.93086
   0.00008  0.00126 -1.92619
   0.00000  0.00016 -1.94144
   0.00005 -0.00093 -1.84678
   0.00026 -0.00202 -1.58700
   0.00070 -0.00309 -0.85821
   0.00131 -0.00414 -0.32942
   0.00206 -0.00518  0.06364
   0.00292 -0.00621  0.33475
   0.00391 -0.00725  0.54185
   0.00501 -0.00831  0.67805
   0.00623 -0.00939  0.78922
   0.00759 -0.01050  0.86713
   0.00911 -0.01165  0.92459
   0.01079 -0.01283  0.96285
   0.01267 -0.01406  0.98705
   0.01477 -0.01533  0.99883
   0.01711 -0.01667  1.00019
   0.01973 -0.01807  0.99301
   0.02267 -0.01956  0.97809
   0.02598 -0.02114  0.95673
   0.02972 -0.02281  0.92922
   0.03393 -0.02457  0.89673
   0.03867 -0.02642  0.86070
   0.04399 -0.02837  0.81921
   0.04990 -0.03037  0.77771
   0.05636 -0.03241  0.73381
   0.06334 -0.03446  0.68764
   0.07076 -0.03647  0.64553
   0.07856 -0.03843  0.60163
   0.08664 -0.04030  0.56084
   0.09498 -0.04207  0.52446
   0.10350 -0.04374  0.48642
   0.11218 -0.04529  0.45364
   0.12099 -0.04672  0.42361
   0.12991 -0.04804  0.39509
   0.13892 -0.04925  0.36960
   0.14801 -0.05035  0.34514
   0.15717 -0.05134  0.32321
   0.16640 -0.05222  0.30425
   0.17569 -0.05300  0.28775
   0.18505 -0.05369  0.27170
   0.19447 -0.05429  0.25740
   0.20395 -0.05480  0.24542
   0.21349 -0.05523  0.23511
   0.22308 -0.05559  0.22395
   0.23273 -0.05588  0.21526
   0.24241 -0.05610  0.20597
   0.25213 -0.05625  0.20001
   0.26188 -0.05635  0.19274
   0.27166 -0.05639  0.18667
   0.28147 -0.05638  0.18099
   0.29130 -0.05632  0.17507
   0.30116 -0.05621  0.17053
   0.31104 -0.05605  0.16673
   0.32094 -0.05585  0.16325
   0.33086 -0.05561  0.15976
   0.34080 -0.05533  0.15733
   0.35076 -0.05502  0.15378
   0.36074 -0.05467  0.15195
   0.37074 -0.05429  0.14994
   0.38074 -0.05389  0.14674
   0.39077 -0.05345  0.14531
   0.40080 -0.05299  0.14363
   0.41084 -0.05250  0.14221
   0.42090 -0.05199  0.14073
   0.43097 -0.05146  0.13910
   0.44105 -0.05091  0.13789
   0.45114 -0.05034  0.13599
   0.46123 -0.04975  0.13526
   0.47134 -0.04914  0.13415
   0.48145 -0.04852  0.13345
   0.49156 -0.04789  0.13112
   0.50167 -0.04724  0.13013
   0.51178 -0.04657  0.12970
   0.52190 -0.04590  0.12699
   0.53201 -0.04520  0.12756
   0.54211 -0.04450  0.12509
   0.55222 -0.04378  0.12399
   0.56233 -0.04304  0.12406
   0.57244 -0.04229  0.12321
   0.58255 -0.04153  0.12258
   0.59266 -0.04076  0.12119
   0.60278 -0.03997  0.12096
   0.61290 -0.03916  0.12137
   0.62302 -0.03835  0.12115
   0.63315 -0.03753  0.11971
   0.64328 -0.03669  0.12027
   0.65341 -0.03584  0.12010
   0.66354 -0.03498  0.12046
   0.67367 -0.03411  0.12088
   0.68380 -0.03324  0.11987
   0.69393 -0.03235  0.12039
   0.70407 -0.03145  0.12062
   0.71420 -0.03054  0.12156
   0.72433 -0.02963  0.12091
   0.73446 -0.02870  0.12185
   0.74460 -0.02776  0.12294
   0.75473 -0.02682  0.12331
   0.76486 -0.02587  0.12325
   0.77499 -0.02490  0.12555
   0.78512 -0.02393  0.12603
   0.79525 -0.02295  0.12721
   0.80538 -0.02196  0.12909
   0.81550 -0.02097  0.12978
   0.82562 -0.01996  0.13182
   0.83574 -0.01894  0.13441
   0.84585 -0.01792  0.13606
   0.85596 -0.01688  0.13969
   0.86606 -0.01584  0.14202
   0.87615 -0.01478  0.14635
   0.88623 -0.01371  0.15103
   0.89629 -0.01264  0.15576
   0.90632 -0.01155  0.16141
   0.91630 -0.01045  0.16712
   0.92621 -0.00934  0.17215
   0.93602 -0.00822  0.17575
   0.94567 -0.00708  0.17828
   0.95513 -0.00592  0.17974
   0.96431 -0.00475  0.18012
   0.97311 -0.00357  0.17958
   0.98142 -0.00244  0.17862
   0.98906 -0.00140  0.17756
   1.00000  0.00000  0.22647
