MH104                                           
 Alfa =  12.00000 Re =  1232532.000 Xflap,Yflap =     0.000000    0.000000
#    x        y        Cp  
   1.00000  0.00000  0.14029
   0.99592  0.00019  0.13999
   0.98925  0.00065  0.13933
   0.98187  0.00132  0.13755
   0.97376  0.00217  0.13483
   0.96499  0.00316  0.13062
   0.95570  0.00422  0.12567
   0.94612  0.00534  0.12019
   0.93638  0.00648  0.11429
   0.92658  0.00766  0.10799
   0.91675  0.00886  0.10136
   0.90690  0.01010  0.09433
   0.89705  0.01138  0.08691
   0.88719  0.01270  0.07900
   0.87731  0.01405  0.07070
   0.86743  0.01543  0.06197
   0.85753  0.01685  0.05271
   0.84762  0.01830  0.04298
   0.83771  0.01978  0.03270
   0.82778  0.02129  0.02187
   0.81785  0.02282  0.01057
   0.80790  0.02438 -0.00134
   0.79795  0.02596 -0.01383
   0.78799  0.02756 -0.02676
   0.77802  0.02919 -0.04049
   0.76804  0.03083 -0.05461
   0.75805  0.03249 -0.06938
   0.74805  0.03417 -0.08492
   0.73804  0.03586 -0.10080
   0.72802  0.03757 -0.11764
   0.71799  0.03928 -0.13459
   0.70795  0.04101 -0.15252
   0.69791  0.04275 -0.17119
   0.68785  0.04449 -0.19020
   0.67778  0.04624 -0.20993
   0.66770  0.04799 -0.23018
   0.65763  0.04974 -0.25104
   0.64755  0.05149 -0.27255
   0.63748  0.05324 -0.29494
   0.62742  0.05498 -0.31739
   0.61737  0.05672 -0.34138
   0.60733  0.05844 -0.36501
   0.59731  0.06015 -0.38951
   0.58730  0.06185 -0.41461
   0.57730  0.06354 -0.44116
   0.56731  0.06521 -0.46774
   0.55733  0.06686 -0.49487
   0.54737  0.06849 -0.52301
   0.53742  0.07010 -0.55200
   0.52748  0.07168 -0.58088
   0.51755  0.07324 -0.61092
   0.50763  0.07478 -0.64333
   0.49773  0.07628 -0.67455
   0.48784  0.07775 -0.70738
   0.47797  0.07919 -0.74150
   0.46811  0.08059 -0.77612
   0.45826  0.08195 -0.81149
   0.44844  0.08327 -0.84790
   0.43862  0.08455 -0.88660
   0.42883  0.08578 -0.92385
   0.41905  0.08697 -0.96581
   0.40929  0.08810 -1.00614
   0.39955  0.08918 -1.04894
   0.38983  0.09020 -1.09254
   0.38012  0.09116 -1.13688
   0.37045  0.09206 -1.18371
   0.36080  0.09290 -1.23526
   0.35119  0.09366 -1.28539
   0.34164  0.09434 -1.33713
   0.33215  0.09494 -1.39128
   0.32272  0.09545 -1.44966
   0.31335  0.09585 -1.49957
   0.30404  0.09615 -1.55357
   0.29478  0.09635 -1.61214
   0.28556  0.09642 -1.65558
   0.27638  0.09638 -1.70574
   0.26723  0.09622 -1.75205
   0.25808  0.09594 -1.79664
   0.24894  0.09553 -1.83423
   0.23979  0.09500 -1.87342
   0.23065  0.09435 -1.90843
   0.22151  0.09359 -1.95484
   0.21239  0.09270 -1.98868
   0.20330  0.09170 -2.03136
   0.19426  0.09058 -2.07259
   0.18526  0.08934 -2.11772
   0.17632  0.08798 -2.16193
   0.16743  0.08649 -2.20279
   0.15862  0.08488 -2.25306
   0.14988  0.08314 -2.29332
   0.14121  0.08127 -2.34174
   0.13263  0.07927 -2.39003
   0.12416  0.07714 -2.43937
   0.11579  0.07487 -2.48020
   0.10756  0.07248 -2.54446
   0.09948  0.06995 -2.57562
   0.09157  0.06730 -2.64014
   0.08388  0.06453 -2.70647
   0.07641  0.06164 -2.84894
   0.06922  0.05866 -2.96249
   0.06234  0.05559 -3.00962
   0.05581  0.05246 -3.06895
   0.04967  0.04930 -3.13317
   0.04395  0.04614 -3.20301
   0.03869  0.04301 -3.26962
   0.03391  0.03996 -3.33940
   0.02960  0.03702 -3.41071
   0.02574  0.03420 -3.48877
   0.02232  0.03152 -3.55686
   0.01930  0.02898 -3.61778
   0.01663  0.02659 -3.69539
   0.01427  0.02434 -3.77290
   0.01219  0.02221 -3.84670
   0.01036  0.02020 -3.91002
   0.00875  0.01831 -3.99229
   0.00732  0.01651 -4.06519
   0.00606  0.01480 -4.14681
   0.00495  0.01317 -4.23504
   0.00398  0.01163 -4.34162
   0.00314  0.01015 -4.40434
   0.00241  0.00873 -4.50297
   0.00180  0.00737 -4.53236
   0.00127  0.00605 -4.66474
   0.00084  0.00479 -4.71404
   0.00050  0.00357 -4.82976
   0.00025  0.00239 -4.92277
   0.00008  0.00126 -5.09718
   0.00000  0.00016 -5.32014
   0.00005 -0.00093 -5.37378
   0.00026 -0.00202 -5.10934
   0.00070 -0.00309 -3.70460
   0.00131 -0.00414 -2.60890
   0.00206 -0.00518 -1.74468
   0.00292 -0.00621 -1.15607
   0.00391 -0.00725 -0.63098
   0.00501 -0.00831 -0.29368
   0.00623 -0.00939 -0.00875
   0.00759 -0.01050  0.22880
   0.00911 -0.01165  0.41431
   0.01079 -0.01283  0.56635
   0.01267 -0.01406  0.68934
   0.01477 -0.01533  0.78501
   0.01711 -0.01667  0.86185
   0.01973 -0.01807  0.91805
   0.02267 -0.01956  0.95593
   0.02598 -0.02114  0.98350
   0.02972 -0.02281  0.99707
   0.03393 -0.02457  1.00044
   0.03867 -0.02642  0.99392
   0.04399 -0.02837  0.97922
   0.04990 -0.03037  0.95684
   0.05636 -0.03241  0.92976
   0.06334 -0.03446  0.89805
   0.07076 -0.03647  0.86388
   0.07856 -0.03843  0.82735
   0.08664 -0.04030  0.79226
   0.09498 -0.04207  0.75614
   0.10350 -0.04374  0.72220
   0.11218 -0.04529  0.68871
   0.12099 -0.04672  0.65737
   0.12991 -0.04804  0.62762
   0.13892 -0.04925  0.59905
   0.14801 -0.05035  0.57210
   0.15717 -0.05134  0.54680
   0.16640 -0.05222  0.52435
   0.17569 -0.05300  0.50417
   0.18505 -0.05369  0.48295
   0.19447 -0.05429  0.46533
   0.20395 -0.05480  0.44801
   0.21349 -0.05523  0.43347
   0.22308 -0.05559  0.41768
   0.23273 -0.05588  0.40456
   0.24241 -0.05610  0.39126
   0.25213 -0.05625  0.38016
   0.26188 -0.05635  0.36924
   0.27166 -0.05639  0.35870
   0.28147 -0.05638  0.34890
   0.29130 -0.05632  0.33902
   0.30116 -0.05621  0.33042
   0.31104 -0.05605  0.32278
   0.32094 -0.05585  0.31505
   0.33086 -0.05561  0.30865
   0.34080 -0.05533  0.30149
   0.35076 -0.05502  0.29450
   0.36074 -0.05467  0.28939
   0.37074 -0.05429  0.28362
   0.38074 -0.05389  0.27760
   0.39077 -0.05345  0.27250
   0.40080 -0.05299  0.26729
   0.41084 -0.05250  0.26289
   0.42090 -0.05199  0.25811
   0.43097 -0.05146  0.25342
   0.44105 -0.05091  0.24906
   0.45114 -0.05034  0.24443
   0.46123 -0.04975  0.24093
   0.47134 -0.04914  0.23649
   0.48145 -0.04852  0.23319
   0.49156 -0.04789  0.22817
   0.50167 -0.04724  0.22420
   0.51178 -0.04657  0.22080
   0.52190 -0.04590  0.21565
   0.53201 -0.04520  0.21354
   0.54211 -0.04450  0.20850
   0.55222 -0.04378  0.20473
   0.56233 -0.04304  0.20190
   0.57244 -0.04229  0.19852
   0.58255 -0.04153  0.19511
   0.59266 -0.04076  0.19139
   0.60278 -0.03997  0.18826
   0.61290 -0.03916  0.18601
   0.62302 -0.03835  0.18313
   0.63315 -0.03753  0.17914
   0.64328 -0.03669  0.17690
   0.65341 -0.03584  0.17397
   0.66354 -0.03498  0.17167
   0.67367 -0.03411  0.16922
   0.68380 -0.03324  0.16551
   0.69393 -0.03235  0.16316
   0.70407 -0.03145  0.16048
   0.71420 -0.03054  0.15854
   0.72433 -0.02963  0.15483
   0.73446 -0.02870  0.15265
   0.74460 -0.02776  0.15066
   0.75473 -0.02682  0.14785
   0.76486 -0.02587  0.14427
   0.77499 -0.02490  0.14332
   0.78512 -0.02393  0.14013
   0.79525 -0.02295  0.13749
   0.80538 -0.02196  0.13557
   0.81550 -0.02097  0.13194
   0.82562 -0.01996  0.12959
   0.83574 -0.01894  0.12763
   0.84585 -0.01792  0.12391
   0.85596 -0.01688  0.12246
   0.86606 -0.01584  0.11824
   0.87615 -0.01478  0.11621
   0.88623 -0.01371  0.11384
   0.89629 -0.01264  0.11030
   0.90632 -0.01155  0.10739
   0.91630 -0.01045  0.10421
   0.92621 -0.00934  0.10155
   0.93602 -0.00822  0.09784
   0.94567 -0.00708  0.09687
   0.95513 -0.00592  0.09722
   0.96431 -0.00475  0.10035
   0.97311 -0.00357  0.10948
   0.98142 -0.00244  0.12089
   0.98906 -0.00140  0.13114
   1.00000  0.00000  0.14029
