MH61                                            
 Alfa =   0.00000 Re =   493012.000 Xflap,Yflap =     0.000000    0.000000
#    x        y        Cp  
   1.00000  0.00000  0.16911
   0.99624 -0.00023  0.18165
   0.98929 -0.00051  0.20357
   0.98156 -0.00063  0.21549
   0.97340 -0.00056  0.21931
   0.96502 -0.00034  0.22025
   0.95655  0.00000  0.21741
   0.94800  0.00043  0.21508
   0.93942  0.00095  0.21105
   0.93082  0.00154  0.20750
   0.92221  0.00220  0.20338
   0.91359  0.00291  0.19896
   0.90497  0.00369  0.19310
   0.89633  0.00453  0.18794
   0.88769  0.00542  0.18158
   0.87904  0.00635  0.17575
   0.87039  0.00733  0.16917
   0.86172  0.00836  0.16165
   0.85306  0.00942  0.15474
   0.84438  0.01051  0.14852
   0.83570  0.01163  0.14095
   0.82702  0.01278  0.13511
   0.81833  0.01397  0.12684
   0.80963  0.01516  0.12096
   0.80094  0.01639  0.11345
   0.79224  0.01762  0.10722
   0.78353  0.01887  0.10014
   0.77482  0.02015  0.09156
   0.76611  0.02143  0.08286
   0.75740  0.02273  0.07712
   0.74867  0.02403  0.07445
   0.73995  0.02534  0.05296
   0.73122  0.02666  0.00539
   0.72248  0.02798 -0.06098
   0.71374  0.02930 -0.12235
   0.70501  0.03063 -0.12540
   0.69628  0.03194 -0.12824
   0.68756  0.03324 -0.13094
   0.67884  0.03455 -0.13356
   0.67014  0.03583 -0.13620
   0.66143  0.03710 -0.13892
   0.65274  0.03836 -0.14175
   0.64404  0.03959 -0.14477
   0.63534  0.04081 -0.14800
   0.62665  0.04200 -0.15149
   0.61796  0.04318 -0.15526
   0.60927  0.04433 -0.15936
   0.60058  0.04545 -0.16372
   0.59189  0.04655 -0.16836
   0.58319  0.04763 -0.17338
   0.57450  0.04867 -0.17872
   0.56581  0.04969 -0.18452
   0.55711  0.05068 -0.19066
   0.54841  0.05164 -0.19709
   0.53971  0.05257 -0.20370
   0.53101  0.05347 -0.21052
   0.52231  0.05433 -0.21695
   0.51361  0.05517 -0.22400
   0.50491  0.05598 -0.23065
   0.49620  0.05674 -0.23652
   0.48749  0.05749 -0.24324
   0.47878  0.05819 -0.24928
   0.47007  0.05886 -0.25455
   0.46136  0.05951 -0.26105
   0.45264  0.06010 -0.26580
   0.44393  0.06067 -0.27085
   0.43521  0.06121 -0.27634
   0.42649  0.06171 -0.28120
   0.41778  0.06217 -0.28527
   0.40906  0.06260 -0.29042
   0.40034  0.06298 -0.29344
   0.39162  0.06334 -0.29773
   0.38290  0.06365 -0.30147
   0.37418  0.06393 -0.30447
   0.36547  0.06417 -0.30922
   0.35675  0.06437 -0.31163
   0.34804  0.06452 -0.31466
   0.33932  0.06464 -0.31771
   0.33061  0.06471 -0.31960
   0.32190  0.06474 -0.32186
   0.31320  0.06473 -0.32457
   0.30450  0.06467 -0.32608
   0.29581  0.06457 -0.32872
   0.28712  0.06442 -0.32880
   0.27843  0.06422 -0.33120
   0.26976  0.06396 -0.33081
   0.26109  0.06366 -0.33120
   0.25242  0.06331 -0.33222
   0.24377  0.06290 -0.33134
   0.23513  0.06243 -0.32992
   0.22649  0.06190 -0.32864
   0.21787  0.06131 -0.32701
   0.20926  0.06065 -0.32383
   0.20067  0.05993 -0.31874
   0.19209  0.05914 -0.31588
   0.18352  0.05828 -0.30985
   0.17498  0.05735 -0.30425
   0.16646  0.05634 -0.29624
   0.15795  0.05525 -0.28817
   0.14947  0.05408 -0.27702
   0.14101  0.05282 -0.26634
   0.13258  0.05148 -0.25429
   0.12418  0.05004 -0.23871
   0.11582  0.04850 -0.22099
   0.10749  0.04687 -0.20555
   0.09922  0.04514 -0.18531
   0.09100  0.04329 -0.16136
   0.08285  0.04132 -0.13458
   0.07477  0.03923 -0.10759
   0.06679  0.03700 -0.07352
   0.05893  0.03463 -0.03416
   0.05121  0.03210  0.01587
   0.04367  0.02940  0.06995
   0.03636  0.02653  0.13717
   0.02937  0.02348  0.21874
   0.02285  0.02030  0.31786
   0.01700  0.01705  0.43411
   0.01215  0.01396  0.56691
   0.00844  0.01121  0.69657
   0.00576  0.00889  0.81804
   0.00386  0.00698  0.90973
   0.00251  0.00537  0.97773
   0.00154  0.00401  1.00010
   0.00085  0.00280  0.97049
   0.00037  0.00172  0.85800
   0.00008  0.00074  0.59789
   0.00000 -0.00018  0.04636
   0.00023 -0.00107 -0.43369
   0.00080 -0.00195 -0.43770
   0.00162 -0.00286 -0.42050
   0.00271 -0.00383 -0.42242
   0.00415 -0.00492 -0.42568
   0.00607 -0.00617 -0.43818
   0.00871 -0.00767 -0.45705
   0.01237 -0.00947 -0.48301
   0.01730 -0.01151 -0.48592
   0.02349 -0.01369 -0.47812
   0.03055 -0.01587 -0.47904
   0.03809 -0.01790 -0.48081
   0.04593 -0.01978 -0.47721
   0.05394 -0.02149 -0.47581
   0.06209 -0.02306 -0.47244
   0.07033 -0.02449 -0.46908
   0.07865 -0.02579 -0.46312
   0.08702 -0.02699 -0.45885
   0.09545 -0.02808 -0.45214
   0.10392 -0.02908 -0.44756
   0.11242 -0.02998 -0.44082
   0.12096 -0.03080 -0.43403
   0.12953 -0.03155 -0.42779
   0.13812 -0.03221 -0.41913
   0.14673 -0.03282 -0.41257
   0.15536 -0.03336 -0.40392
   0.16401 -0.03385 -0.39738
   0.17267 -0.03428 -0.38999
   0.18134 -0.03466 -0.38310
   0.19003 -0.03499 -0.37476
   0.19873 -0.03527 -0.36726
   0.20743 -0.03552 -0.36071
   0.21615 -0.03571 -0.35294
   0.22487 -0.03587 -0.34516
   0.23360 -0.03600 -0.33865
   0.24234 -0.03608 -0.33140
   0.25108 -0.03613 -0.32394
   0.25983 -0.03615 -0.31628
   0.26858 -0.03615 -0.31021
   0.27734 -0.03611 -0.30263
   0.28610 -0.03605 -0.29617
   0.29487 -0.03597 -0.28926
   0.30364 -0.03586 -0.28305
   0.31242 -0.03572 -0.27615
   0.32120 -0.03556 -0.26954
   0.32998 -0.03539 -0.26328
   0.33876 -0.03519 -0.25677
   0.34755 -0.03499 -0.25115
   0.35634 -0.03475 -0.24469
   0.36513 -0.03451 -0.23874
   0.37393 -0.03425 -0.23328
   0.38273 -0.03398 -0.22768
   0.39153 -0.03368 -0.22164
   0.40033 -0.03339 -0.21659
   0.40913 -0.03308 -0.21102
   0.41794 -0.03275 -0.20595
   0.42675 -0.03241 -0.20031
   0.43556 -0.03207 -0.19538
   0.44437 -0.03171 -0.19028
   0.45318 -0.03136 -0.18575
   0.46199 -0.03099 -0.18072
   0.47081 -0.03062 -0.17632
   0.47962 -0.03022 -0.17127
   0.48844 -0.02984 -0.16702
   0.49726 -0.02944 -0.16232
   0.50608 -0.02904 -0.15789
   0.51490 -0.02863 -0.15327
   0.52372 -0.02821 -0.14879
   0.53254 -0.02780 -0.14429
   0.54136 -0.02738 -0.13990
   0.55018 -0.02695 -0.13657
   0.55901 -0.02652 -0.13329
   0.56783 -0.02609 -0.12913
   0.57665 -0.02565 -0.12514
   0.58548 -0.02521 -0.12073
   0.59430 -0.02476 -0.11688
   0.60313 -0.02432 -0.11396
   0.61195 -0.02387 -0.11101
   0.62078 -0.02342 -0.10739
   0.62960 -0.02296 -0.10409
   0.63843 -0.02251 -0.10155
   0.64726 -0.02205 -0.09865
   0.65608 -0.02159 -0.09924
   0.66491 -0.02112 -0.10245
   0.67374 -0.02066 -0.10370
   0.68256 -0.02019 -0.10002
   0.69139 -0.01972 -0.09396
   0.70021 -0.01925 -0.08801
   0.70904 -0.01878 -0.09666
   0.71787 -0.01830 -0.08792
   0.72669 -0.01782 -0.07657
   0.73552 -0.01734 -0.06471
   0.74435 -0.01686 -0.05434
   0.75317 -0.01638 -0.04676
   0.76200 -0.01590 -0.04207
   0.77082 -0.01541 -0.03728
   0.77965 -0.01492 -0.03449
   0.78847 -0.01443 -0.03243
   0.79729 -0.01393 -0.02872
   0.80612 -0.01344 -0.02850
   0.81494 -0.01294 -0.02555
   0.82377 -0.01244 -0.02358
   0.83259 -0.01194 -0.02261
   0.84142 -0.01143 -0.01913
   0.85024 -0.01093 -0.01905
   0.85906 -0.01041 -0.01454
   0.86787 -0.00990 -0.01386
   0.87669 -0.00938 -0.01112
   0.88550 -0.00886 -0.00881
   0.89432 -0.00833 -0.00636
   0.90312 -0.00780 -0.00448
   0.91193 -0.00725 -0.00033
   0.92072 -0.00670  0.00232
   0.92950 -0.00614  0.00529
   0.93827 -0.00557  0.00994
   0.94703 -0.00498  0.01325
   0.95576 -0.00436  0.01871
   0.96441 -0.00371  0.02757
   0.97295 -0.00303  0.03628
   0.98127 -0.00226  0.05559
   0.98913 -0.00140  0.08910
   0.99622 -0.00051  0.13395
   1.00000  0.00000  0.16906
