MH104                                           
 Alfa =   8.00000 Re =   958636.000 Xflap,Yflap =     0.000000    0.000000
#    x        y        Cp  
   1.00000  0.00000  0.19031
   0.99592  0.00019  0.18147
   0.98925  0.00065  0.16793
   0.98187  0.00132  0.15690
   0.97376  0.00217  0.14487
   0.96499  0.00316  0.13162
   0.95570  0.00422  0.11969
   0.94612  0.00534  0.10747
   0.93638  0.00648  0.09708
   0.92658  0.00766  0.08627
   0.91675  0.00886  0.07666
   0.90690  0.01010  0.06654
   0.89705  0.01138  0.05626
   0.88719  0.01270  0.04526
   0.87731  0.01405  0.03455
   0.86743  0.01543  0.02381
   0.85753  0.01685  0.01229
   0.84762  0.01830  0.00081
   0.83771  0.01978 -0.01127
   0.82778  0.02129 -0.02370
   0.81785  0.02282 -0.03603
   0.80790  0.02438 -0.04897
   0.79795  0.02596 -0.06222
   0.78799  0.02756 -0.07533
   0.77802  0.02919 -0.08972
   0.76804  0.03083 -0.10352
   0.75805  0.03249 -0.11795
   0.74805  0.03417 -0.13331
   0.73804  0.03586 -0.14811
   0.72802  0.03757 -0.16456
   0.71799  0.03928 -0.17956
   0.70795  0.04101 -0.19633
   0.69791  0.04275 -0.21376
   0.68785  0.04449 -0.23069
   0.67778  0.04624 -0.24853
   0.66770  0.04799 -0.26628
   0.65763  0.04974 -0.28478
   0.64755  0.05149 -0.30346
   0.63748  0.05324 -0.32349
   0.62742  0.05498 -0.34253
   0.61737  0.05672 -0.36423
   0.60733  0.05844 -0.38409
   0.59731  0.06015 -0.40505
   0.58730  0.06185 -0.42640
   0.57730  0.06354 -0.44976
   0.56731  0.06521 -0.47254
   0.55733  0.06686 -0.49544
   0.54737  0.06849 -0.51933
   0.53742  0.07010 -0.54436
   0.52748  0.07168 -0.56797
   0.51755  0.07324 -0.59337
   0.50763  0.07478 -0.62139
   0.49773  0.07628 -0.64751
   0.48784  0.07775 -0.67452
   0.47797  0.07919 -0.70386
   0.46811  0.08059 -0.73201
   0.45826  0.08195 -0.76147
   0.44844  0.08327 -0.79113
   0.43862  0.08455 -0.82358
   0.42883  0.08578 -0.85280
   0.41905  0.08697 -0.88898
   0.40929  0.08810 -0.92008
   0.39955  0.08918 -0.95464
   0.38983  0.09020 -0.98937
   0.38012  0.09116 -1.02280
   0.37045  0.09206 -1.05967
   0.36080  0.09290 -1.09991
   0.35119  0.09366 -1.13687
   0.34164  0.09434 -1.17330
   0.33215  0.09494 -1.21328
   0.32272  0.09545 -1.25588
   0.31335  0.09585 -1.30257
   0.30404  0.09615 -1.38012
   0.29478  0.09635 -1.49298
   0.28556  0.09642 -1.54520
   0.27638  0.09638 -1.56096
   0.26723  0.09622 -1.57873
   0.25808  0.09594 -1.59802
   0.24894  0.09553 -1.61758
   0.23979  0.09500 -1.63804
   0.23065  0.09435 -1.65899
   0.22151  0.09359 -1.68223
   0.21239  0.09270 -1.70385
   0.20330  0.09170 -1.72838
   0.19426  0.09058 -1.75196
   0.18526  0.08934 -1.77729
   0.17632  0.08798 -1.80265
   0.16743  0.08649 -1.82694
   0.15862  0.08488 -1.85312
   0.14988  0.08314 -1.87784
   0.14121  0.08127 -1.90383
   0.13263  0.07927 -1.92990
   0.12416  0.07714 -1.95652
   0.11579  0.07487 -1.98111
   0.10756  0.07248 -2.01168
   0.09948  0.06995 -2.03532
   0.09157  0.06730 -2.06540
   0.08388  0.06453 -2.09217
   0.07641  0.06164 -2.11764
   0.06922  0.05866 -2.14745
   0.06234  0.05559 -2.16851
   0.05581  0.05246 -2.19147
   0.04967  0.04930 -2.20914
   0.04395  0.04614 -2.23052
   0.03869  0.04301 -2.23951
   0.03391  0.03996 -2.24703
   0.02960  0.03702 -2.25967
   0.02574  0.03420 -2.27056
   0.02232  0.03152 -2.27349
   0.01930  0.02898 -2.26385
   0.01663  0.02659 -2.26910
   0.01427  0.02434 -2.27470
   0.01219  0.02221 -2.27069
   0.01036  0.02020 -2.25692
   0.00875  0.01831 -2.25790
   0.00732  0.01651 -2.25162
   0.00606  0.01480 -2.23824
   0.00495  0.01317 -2.24098
   0.00398  0.01163 -2.24761
   0.00314  0.01015 -2.22310
   0.00241  0.00873 -2.21683
   0.00180  0.00737 -2.14835
   0.00127  0.00605 -2.14073
   0.00084  0.00479 -2.11533
   0.00050  0.00357 -2.06292
   0.00025  0.00239 -2.02746
   0.00008  0.00126 -2.02600
   0.00000  0.00016 -2.03842
   0.00005 -0.00093 -1.94811
   0.00026 -0.00202 -1.66819
   0.00070 -0.00309 -0.93218
   0.00131 -0.00414 -0.39023
   0.00206 -0.00518  0.01380
   0.00292 -0.00621  0.29609
   0.00391 -0.00725  0.50983
   0.00501 -0.00831  0.65288
   0.00623 -0.00939  0.76937
   0.00759 -0.01050  0.85210
   0.00911 -0.01165  0.91349
   0.01079 -0.01283  0.95500
   0.01267 -0.01406  0.98234
   0.01477 -0.01533  0.99658
   0.01711 -0.01667  1.00028
   0.01973 -0.01807  0.99494
   0.02267 -0.01956  0.98171
   0.02598 -0.02114  0.96172
   0.02972 -0.02281  0.93545
   0.03393 -0.02457  0.90402
   0.03867 -0.02642  0.86882
   0.04399 -0.02837  0.82823
   0.04990 -0.03037  0.78710
   0.05636 -0.03241  0.74390
   0.06334 -0.03446  0.69803
   0.07076 -0.03647  0.65609
   0.07856 -0.03843  0.61257
   0.08664 -0.04030  0.57189
   0.09498 -0.04207  0.53550
   0.10350 -0.04374  0.49774
   0.11218 -0.04529  0.46486
   0.12099 -0.04672  0.43477
   0.12991 -0.04804  0.40641
   0.13892 -0.04925  0.38070
   0.14801 -0.05035  0.35629
   0.15717 -0.05134  0.33432
   0.16640 -0.05222  0.31520
   0.17569 -0.05300  0.29854
   0.18505 -0.05369  0.28245
   0.19447 -0.05429  0.26806
   0.20395 -0.05480  0.25594
   0.21349 -0.05523  0.24533
   0.22308 -0.05559  0.23423
   0.23273 -0.05588  0.22542
   0.24241 -0.05610  0.21610
   0.25213 -0.05625  0.20978
   0.26188 -0.05635  0.20258
   0.27166 -0.05639  0.19634
   0.28147 -0.05638  0.19060
   0.29130 -0.05632  0.18469
   0.30116 -0.05621  0.18003
   0.31104 -0.05605  0.17608
   0.32094 -0.05585  0.17247
   0.33086 -0.05561  0.16897
   0.34080 -0.05533  0.16638
   0.35076 -0.05502  0.16289
   0.36074 -0.05467  0.16087
   0.37074 -0.05429  0.15876
   0.38074 -0.05389  0.15575
   0.39077 -0.05345  0.15413
   0.40080 -0.05299  0.15240
   0.41084 -0.05250  0.15090
   0.42090 -0.05199  0.14938
   0.43097 -0.05146  0.14777
   0.44105 -0.05091  0.14652
   0.45114 -0.05034  0.14469
   0.46123 -0.04975  0.14385
   0.47134 -0.04914  0.14272
   0.48145 -0.04852  0.14193
   0.49156 -0.04789  0.13983
   0.50167 -0.04724  0.13882
   0.51178 -0.04657  0.13824
   0.52190 -0.04590  0.13592
   0.53201 -0.04520  0.13612
   0.54211 -0.04450  0.13400
   0.55222 -0.04378  0.13296
   0.56233 -0.04304  0.13287
   0.57244 -0.04229  0.13211
   0.58255 -0.04153  0.13151
   0.59266 -0.04076  0.13035
   0.60278 -0.03997  0.13013
   0.61290 -0.03916  0.13041
   0.62302 -0.03835  0.13026
   0.63315 -0.03753  0.12918
   0.64328 -0.03669  0.12965
   0.65341 -0.03584  0.12959
   0.66354 -0.03498  0.12999
   0.67367 -0.03411  0.13044
   0.68380 -0.03324  0.12983
   0.69393 -0.03235  0.13040
   0.70407 -0.03145  0.13079
   0.71420 -0.03054  0.13175
   0.72433 -0.02963  0.13157
   0.73446 -0.02870  0.13261
   0.74460 -0.02776  0.13381
   0.75473 -0.02682  0.13453
   0.76486 -0.02587  0.13499
   0.77499 -0.02490  0.13725
   0.78512 -0.02393  0.13826
   0.79525 -0.02295  0.13984
   0.80538 -0.02196  0.14205
   0.81550 -0.02097  0.14351
   0.82562 -0.01996  0.14605
   0.83574 -0.01894  0.14911
   0.84585 -0.01792  0.15172
   0.85596 -0.01688  0.15580
   0.86606 -0.01584  0.15924
   0.87615 -0.01478  0.16406
   0.88623 -0.01371  0.16914
   0.89629 -0.01264  0.17417
   0.90632 -0.01155  0.17935
   0.91630 -0.01045  0.18396
   0.92621 -0.00934  0.18762
   0.93602 -0.00822  0.19040
   0.94567 -0.00708  0.19254
   0.95513 -0.00592  0.19382
   0.96431 -0.00475  0.19432
   0.97311 -0.00357  0.19411
   0.98142 -0.00244  0.19349
   0.98906 -0.00140  0.19268
   1.00000  0.00000  0.19031
