#    s        x        y     Ue/Vinf    Dstar     Theta      Cf       H
   0.00000  1.00000  0.00000  0.89732  0.017042  0.007890  0.000495     2.160
   0.00408  0.99592  0.00019  0.90041  0.016598  0.007777  0.000523     2.134
   0.01077  0.98925  0.00065  0.90546  0.015924  0.007598  0.000570     2.096
   0.01818  0.98187  0.00132  0.91024  0.015365  0.007434  0.000610     2.067
   0.02634  0.97376  0.00217  0.91560  0.014782  0.007256  0.000654     2.037
   0.03516  0.96499  0.00316  0.92156  0.014179  0.007066  0.000703     2.007
   0.04451  0.95570  0.00422  0.92745  0.013642  0.006885  0.000749     1.982
   0.05416  0.94612  0.00534  0.93354  0.013125  0.006704  0.000795     1.958
   0.06396  0.93638  0.00648  0.93924  0.012686  0.006540  0.000836     1.940
   0.07383  0.92658  0.00766  0.94507  0.012260  0.006379  0.000877     1.922
   0.08374  0.91675  0.00886  0.95060  0.011888  0.006230  0.000914     1.908
   0.09366  0.90690  0.01010  0.95629  0.011521  0.006081  0.000952     1.894
   0.10360  0.89705  0.01138  0.96203  0.011168  0.005936  0.000991     1.881
   0.11355  0.88719  0.01270  0.96802  0.010814  0.005790  0.001033     1.868
   0.12352  0.87731  0.01405  0.97395  0.010484  0.005650  0.001073     1.856
   0.13349  0.86743  0.01543  0.97991  0.010168  0.005513  0.001114     1.844
   0.14349  0.85753  0.01685  0.98611  0.009850  0.005375  0.001158     1.832
   0.15351  0.84762  0.01830  0.99235  0.009546  0.005241  0.001201     1.821
   0.16353  0.83771  0.01978  0.99879  0.009245  0.005108  0.001248     1.810
   0.17357  0.82778  0.02129  1.00537  0.008951  0.004975  0.001296     1.799
   0.18362  0.81785  0.02282  1.01194  0.008671  0.004847  0.001343     1.789
   0.19369  0.80790  0.02438  1.01874  0.008394  0.004720  0.001394     1.778
   0.20377  0.79795  0.02596  1.02566  0.008124  0.004594  0.001446     1.768
   0.21385  0.78799  0.02756  1.03254  0.007869  0.004473  0.001497     1.759
   0.22396  0.77802  0.02919  1.03986  0.007606  0.004349  0.001554     1.749
   0.23407  0.76804  0.03083  1.04702  0.007363  0.004231  0.001609     1.740
   0.24420  0.75805  0.03249  1.05440  0.007123  0.004115  0.001667     1.731
   0.25434  0.74805  0.03417  1.06209  0.006882  0.003997  0.001729     1.722
   0.26449  0.73804  0.03586  1.06964  0.006659  0.003886  0.001789     1.714
   0.27465  0.72802  0.03757  1.07771  0.006428  0.003771  0.001856     1.705
   0.28483  0.71799  0.03928  1.08535  0.006222  0.003666  0.001917     1.698
   0.29502  0.70795  0.04101  1.09357  0.006008  0.003557  0.001986     1.689
   0.30521  0.69791  0.04275  1.10201  0.005797  0.003449  0.002059     1.681
   0.31542  0.68785  0.04449  1.11034  0.005600  0.003346  0.002130     1.674
   0.32564  0.67778  0.04624  1.11892  0.005406  0.003244  0.002205     1.666
   0.33587  0.66770  0.04799  1.12752  0.005220  0.003146  0.002279     1.660
   0.34609  0.65763  0.04974  1.13634  0.005038  0.003048  0.002357     1.653
   0.35632  0.64755  0.05149  1.14525  0.004862  0.002953  0.002437     1.646
   0.36654  0.63748  0.05324  1.15459  0.004685  0.002858  0.002524     1.639
   0.37675  0.62742  0.05498  1.16359  0.004524  0.002769  0.002604     1.634
   0.38695  0.61737  0.05672  1.17351  0.004351  0.002675  0.002702     1.627
   0.39714  0.60733  0.05844  1.18277  0.004200  0.002590  0.002787     1.622
   0.40730  0.59731  0.06015  1.19241  0.004049  0.002505  0.002879     1.616
   0.41745  0.58730  0.06185  1.20220  0.003902  0.002422  0.002974     1.611
   0.42760  0.57730  0.06354  1.21258  0.003752  0.002338  0.003080     1.605
   0.43772  0.56731  0.06521  1.22277  0.003612  0.002258  0.003182     1.600
   0.44784  0.55733  0.06686  1.23307  0.003478  0.002180  0.003287     1.595
   0.45793  0.54737  0.06849  1.24361  0.003346  0.002104  0.003396     1.591
   0.46801  0.53742  0.07010  1.25456  0.003215  0.002028  0.003514     1.585
   0.47808  0.52748  0.07168  1.26502  0.003096  0.001957  0.003621     1.582
   0.48813  0.51755  0.07324  1.27600  0.002976  0.001886  0.003740     1.578
   0.49817  0.50763  0.07478  1.28790  0.002851  0.001813  0.003878     1.572
   0.50818  0.49773  0.07628  1.29909  0.002740  0.001747  0.004001     1.569
   0.51818  0.48784  0.07775  1.31064  0.002631  0.001681  0.004133     1.565
   0.52815  0.47797  0.07919  1.32293  0.002519  0.001614  0.004282     1.561
   0.53811  0.46811  0.08059  1.33485  0.002416  0.001551  0.004422     1.557
   0.54806  0.45826  0.08195  1.34698  0.002315  0.001490  0.004569     1.554
   0.55796  0.44844  0.08327  1.35961  0.002216  0.001429  0.004728     1.551
   0.56787  0.43862  0.08455  1.37255  0.002118  0.001369  0.004895     1.547
   0.57773  0.42883  0.08578  1.38506  0.002028  0.001313  0.005053     1.544
   0.58759  0.41905  0.08697  1.39925  0.001930  0.001254  0.005256     1.539
   0.59741  0.40929  0.08810  1.41223  0.001845  0.001200  0.005430     1.537
   0.60721  0.39955  0.08918  1.42631  0.001757  0.001146  0.005636     1.533
   0.61698  0.38983  0.09020  1.44036  0.001673  0.001093  0.005845     1.530
   0.62674  0.38012  0.09116  1.45435  0.001593  0.001043  0.006055     1.527
   0.63645  0.37045  0.09206  1.46913  0.001512  0.000993  0.006294     1.523
   0.64614  0.36080  0.09290  1.48550  0.001427  0.000941  0.006588     1.516
   0.65578  0.35119  0.09366  1.50080  0.001351  0.000894  0.006862     1.512
   0.66535  0.34164  0.09434  1.51644  0.001276  0.000847  0.007159     1.506
   0.67486  0.33215  0.09494  1.53299  0.001201  0.000801  0.007501     1.500
   0.68431  0.32272  0.09545  1.55037  0.001126  0.000755  0.007893     1.491
   0.69369  0.31335  0.09585  1.56504  0.001063  0.000715  0.008220     1.487
   0.70300  0.30404  0.09615  1.58004  0.001001  0.000676  0.008582     1.481
   0.71226  0.29478  0.09635  1.59713  0.000935  0.000636  0.009048     1.472
   0.72148  0.28556  0.09642  1.60873  0.000886  0.000604  0.009354     1.469
   0.73066  0.27638  0.09638  1.62234  0.000833  0.000570  0.009758     1.463
   0.73981  0.26723  0.09622  1.63440  0.000785  0.000538  0.010140     1.458
   0.74897  0.25808  0.09594  1.64605  0.000738  0.000508  0.010540     1.453
   0.75812  0.24894  0.09553  1.65464  0.000698  0.000481  0.010846     1.451
   0.76728  0.23979  0.09500  1.66394  0.000657  0.000454  0.011192     1.449
   0.77645  0.23065  0.09435  1.67167  0.000620  0.000428  0.011473     1.450
   0.78562  0.22151  0.09359  1.68264  0.000579  0.000399  0.011869     1.450
   0.79478  0.21239  0.09270  1.68849  0.000548  0.000376  0.011971     1.460
   0.80393  0.20330  0.09170  1.69833  0.000516  0.000349  0.012049     1.477
   0.81303  0.19426  0.09058  1.70554  0.000494  0.000325  0.011589     1.519
   0.82212  0.18526  0.08934  1.71361  0.000488  0.000303  0.010283     1.611
   0.83116  0.17632  0.08798  1.72408  0.000514  0.000283  0.007577     1.817
   0.84018  0.16743  0.08649  1.74327  0.000595  0.000263  0.003759     2.266
   0.84913  0.15862  0.08488  1.77503  0.000698  0.000238  0.001484     2.931
   0.85804  0.14988  0.08314  1.78231  0.000723  0.000232  0.001049     3.125
   0.86691  0.14121  0.08127  1.78970  0.000713  0.000225  0.000987     3.167
   0.87572  0.13263  0.07927  1.79839  0.000693  0.000218  0.001004     3.176
   0.88446  0.12416  0.07714  1.80799  0.000667  0.000211  0.001076     3.162
   0.89313  0.11579  0.07487  1.81800  0.000643  0.000204  0.001139     3.155
   0.90170  0.10756  0.07248  1.82937  0.000607  0.000196  0.001335     3.102
   0.91017  0.09948  0.06995  1.84024  0.000582  0.000188  0.001428     3.092
   0.91851  0.09157  0.06730  1.85255  0.000547  0.000180  0.001671     3.039
   0.92668  0.08388  0.06453  1.86480  0.000516  0.000172  0.001902     2.999
   0.93469  0.07641  0.06164  1.87704  0.000488  0.000164  0.002115     2.971
   0.94247  0.06922  0.05866  1.89032  0.000455  0.000156  0.002488     2.914
   0.95001  0.06234  0.05559  1.90250  0.000429  0.000149  0.002758     2.888
   0.95725  0.05581  0.05246  1.91474  0.000404  0.000141  0.003054     2.862
   0.96416  0.04967  0.04930  1.92709  0.000380  0.000134  0.003415     2.832
   0.97069  0.04395  0.04614  1.93945  0.000354  0.000127  0.003886     2.792
   0.97681  0.03869  0.04301  1.94986  0.000335  0.000120  0.004153     2.787
   0.98248  0.03391  0.03996  1.95983  0.000320  0.000114  0.004308     2.799
   0.98770  0.02960  0.03702  1.97183  0.000299  0.000108  0.004839     2.767
   0.99248  0.02574  0.03420  1.98270  0.000280  0.000102  0.005378     2.740
   0.99682  0.02232  0.03152  1.99252  0.000263  0.000097  0.005944     2.715
   1.00077  0.01930  0.02898  1.99900  0.000255  0.000092  0.005839     2.757
   1.00435  0.01663  0.02659  2.00847  0.000242  0.000088  0.006083     2.766
   1.00761  0.01427  0.02434  2.02094  0.000223  0.000082  0.007194     2.704
   1.01059  0.01219  0.02221  2.02890  0.000211  0.000078  0.007726     2.695
   1.01331  0.01036  0.02020  2.03433  0.000206  0.000075  0.007454     2.747
   1.01579  0.00875  0.01831  2.04532  0.000192  0.000071  0.008370     2.715
   1.01809  0.00732  0.01651  2.05373  0.000182  0.000067  0.008790     2.720
   1.02022  0.00606  0.01480  2.06278  0.000172  0.000063  0.009288     2.723
   1.02219  0.00495  0.01317  2.07167  0.000165  0.000060  0.009451     2.749
   1.02401  0.00398  0.01163  2.08667  0.000147  0.000056  0.012072     2.646
   1.02571  0.00314  0.01015  2.09240  0.000139  0.000053  0.012885     2.643
   1.02731  0.00241  0.00873  2.10060  0.000126  0.000049  0.015410     2.574
   1.02880  0.00180  0.00737  2.09694  0.000127  0.000047  0.013339     2.694
   1.03022  0.00127  0.00605  2.10962  0.000113  0.000043  0.016361     2.619
   1.03155  0.00084  0.00479  2.11397  0.000106  0.000040  0.017236     2.632
   1.03282  0.00050  0.00357  2.12100  0.000097  0.000037  0.019550     2.605
   1.03402  0.00025  0.00239  2.12417  0.000094  0.000034  0.017785     2.716
   1.03517  0.00008  0.00126  2.14362  0.000087  0.000031  0.017158     2.811
   1.03627  0.00000  0.00016  2.17647  0.000066  0.000026  0.032206     2.531
   1.03736  0.00005 -0.00093  2.16607  0.000058  0.000023  0.035318     2.560
   1.03847  0.00026 -0.00202  2.09997  0.000040  0.000019  0.073209     2.149
   1.03963  0.00070 -0.00309  1.81965  0.000045  0.000021  0.056206     2.165
   1.04084  0.00131 -0.00414  1.57825  0.000048  0.000023  0.046536     2.133
   1.04212  0.00206 -0.00518  1.36178  0.000055  0.000025  0.034054     2.172
   1.04347  0.00292 -0.00621  1.18565  0.000058  0.000027  0.028860     2.134
   1.04490  0.00391 -0.00725  1.02228  0.000066  0.000030  0.020868     2.184
   1.04643  0.00501 -0.00831  0.89056  0.000070  0.000032  0.017584     2.161
   1.04806  0.00623 -0.00939  0.76617  0.000077  0.000035  0.013416     2.188
   1.04981  0.00759 -0.01050  0.65752  0.000082  0.000037  0.010880     2.185
   1.05172  0.00911 -0.01165  0.55472  0.000088  0.000040  0.008434     2.199
   1.05377  0.01079 -0.01283  0.46015  0.000093  0.000042  0.006614     2.201
   1.05602  0.01267 -0.01406  0.36713  0.000099  0.000045  0.005016     2.186
   1.05847  0.01477 -0.01533  0.28125  0.000109  0.000049  0.003384     2.221
   1.06117  0.01711 -0.01667  0.20314  0.000113  0.000051  0.002373     2.213
   1.06414  0.01973 -0.01807  0.12550  0.000122  0.000055  0.001350     2.213
   1.06744  0.02267 -0.01956  0.05420  0.000133  0.000060  0.000527     2.230
   1.07110  0.02598 -0.02114 -0.01619  0.000133  0.000060  0.000158     2.230
   1.07520  0.02972 -0.02281 -0.08187  0.000153  0.000068  0.000684     2.245
   1.07976  0.03393 -0.02457 -0.14715  0.000154  0.000070  0.001247     2.221
   1.08485  0.03867 -0.02642 -0.20752  0.000173  0.000076  0.001488     2.278
   1.09052  0.04399 -0.02837 -0.26678  0.000178  0.000080  0.001955     2.227
   1.09676  0.04990 -0.03037 -0.32281  0.000195  0.000085  0.002057     2.280
   1.10353  0.05636 -0.03241 -0.37369  0.000206  0.000091  0.002292     2.261
   1.11081  0.06334 -0.03446 -0.42302  0.000217  0.000096  0.002439     2.268
   1.11849  0.07076 -0.03647 -0.46736  0.000232  0.000102  0.002494     2.282
   1.12654  0.07856 -0.03843 -0.50825  0.000244  0.000107  0.002582     2.280
   1.13483  0.08664 -0.04030 -0.54535  0.000258  0.000113  0.002602     2.289
   1.14336  0.09498 -0.04207 -0.57768  0.000274  0.000119  0.002561     2.303
   1.15204  0.10350 -0.04374 -0.60854  0.000284  0.000124  0.002636     2.290
   1.16085  0.11218 -0.04529 -0.63600  0.000299  0.000130  0.002580     2.305
   1.16978  0.12099 -0.04672 -0.65951  0.000315  0.000136  0.002501     2.320
   1.17880  0.12991 -0.04804 -0.68199  0.000326  0.000141  0.002522     2.311
   1.18789  0.13892 -0.04925 -0.70187  0.000341  0.000147  0.002452     2.324
   1.19704  0.14801 -0.05035 -0.72035  0.000353  0.000152  0.002428     2.324
   1.20626  0.15717 -0.05134 -0.73635  0.000369  0.000158  0.002342     2.338
   1.21553  0.16640 -0.05222 -0.75107  0.000383  0.000164  0.002296     2.341
   1.22485  0.17569 -0.05300 -0.76368  0.000400  0.000170  0.002206     2.355
   1.23424  0.18505 -0.05369 -0.77576  0.000413  0.000175  0.002174     2.354
   1.24368  0.19447 -0.05429 -0.78626  0.000429  0.000181  0.002098     2.365
   1.25317  0.20395 -0.05480 -0.79561  0.000445  0.000188  0.002028     2.374
   1.26272  0.21349 -0.05523 -0.80403  0.000461  0.000194  0.001965     2.381
   1.27232  0.22308 -0.05559 -0.81204  0.000475  0.000199  0.001924     2.382
   1.28197  0.23273 -0.05588 -0.81952  0.000489  0.000205  0.001882     2.384
   1.29165  0.24241 -0.05610 -0.82643  0.000503  0.000211  0.001839     2.388
   1.30138  0.25213 -0.05625 -0.83145  0.000525  0.000218  0.001732     2.411
   1.31113  0.26188 -0.05635 -0.83759  0.000534  0.000223  0.001735     2.399
   1.32091  0.27166 -0.05639 -0.84238  0.000551  0.000229  0.001671     2.411
   1.33072  0.28147 -0.05638 -0.84727  0.000565  0.000234  0.001642     2.411
   1.34055  0.29130 -0.05632 -0.85185  0.000578  0.000240  0.001610     2.412
   1.35041  0.30116 -0.05621 -0.85602  0.000592  0.000245  0.001572     2.416
   1.36029  0.31104 -0.05605 -0.85945  0.000610  0.000251  0.001517     2.427
   1.37019  0.32094 -0.05585 -0.86288  0.000624  0.000257  0.001484     2.430
   1.38011  0.33086 -0.05561 -0.86582  0.000640  0.000262  0.001441     2.437
   1.39006  0.34080 -0.05533 -0.86871  0.000654  0.000268  0.001410     2.440
   1.40002  0.35076 -0.05502 -0.87185  0.000665  0.000273  0.001399     2.436
   1.41001  0.36074 -0.05467 -0.87385  0.000684  0.000279  0.001342     2.451
   1.42001  0.37074 -0.05429 -0.87635  0.000696  0.000284  0.001324     2.449
   1.43002  0.38074 -0.05389 -0.87887  0.000707  0.000289  0.001311     2.446
   1.44006  0.39077 -0.05345 -0.88082  0.000723  0.000295  0.001276     2.454
   1.45010  0.40080 -0.05299 -0.88295  0.000735  0.000300  0.001258     2.453
   1.46015  0.41084 -0.05250 -0.88469  0.000750  0.000305  0.001228     2.459
   1.47023  0.42090 -0.05199 -0.88639  0.000764  0.000310  0.001204     2.463
   1.48031  0.43097 -0.05146 -0.88827  0.000775  0.000315  0.001193     2.460
   1.49041  0.44105 -0.05091 -0.88998  0.000787  0.000320  0.001175     2.461
   1.50051  0.45114 -0.05034 -0.89170  0.000798  0.000324  0.001162     2.460
   1.51062  0.46123 -0.04975 -0.89301  0.000813  0.000329  0.001135     2.467
   1.52075  0.47134 -0.04914 -0.89455  0.000824  0.000334  0.001122     2.466
   1.53088  0.48145 -0.04852 -0.89588  0.000837  0.000339  0.001104     2.469
   1.54101  0.49156 -0.04789 -0.89773  0.000843  0.000343  0.001108     2.460
   1.55114  0.50167 -0.04724 -0.89924  0.000854  0.000347  0.001097     2.459
   1.56127  0.51178 -0.04657 -0.90029  0.000868  0.000352  0.001070     2.467
   1.57141  0.52190 -0.04590 -0.90239  0.000871  0.000355  0.001087     2.452
   1.58155  0.53201 -0.04520 -0.90292  0.000891  0.000361  0.001042     2.471
   1.59167  0.54211 -0.04450 -0.90492  0.000893  0.000364  0.001059     2.455
   1.60181  0.55222 -0.04378 -0.90634  0.000903  0.000368  0.001050     2.455
   1.61194  0.56233 -0.04304 -0.90702  0.000920  0.000373  0.001017     2.468
   1.62208  0.57244 -0.04229 -0.90823  0.000930  0.000377  0.001009     2.467
   1.63222  0.58255 -0.04153 -0.90929  0.000940  0.000381  0.000997     2.469
   1.64236  0.59266 -0.04076 -0.91066  0.000947  0.000384  0.000997     2.463
   1.65251  0.60278 -0.03997 -0.91158  0.000960  0.000389  0.000980     2.468
   1.66266  0.61290 -0.03916 -0.91213  0.000976  0.000394  0.000954     2.478
   1.67281  0.62302 -0.03835 -0.91289  0.000988  0.000398  0.000940     2.482
   1.68298  0.63315 -0.03753 -0.91429  0.000991  0.000401  0.000949     2.471
   1.69314  0.64328 -0.03669 -0.91475  0.001007  0.000406  0.000924     2.481
   1.70331  0.65341 -0.03584 -0.91552  0.001017  0.000410  0.000914     2.483
   1.71347  0.66354 -0.03498 -0.91603  0.001031  0.000414  0.000897     2.489
   1.72364  0.67367 -0.03411 -0.91653  0.001044  0.000419  0.000882     2.494
   1.73381  0.68380 -0.03324 -0.91769  0.001047  0.000422  0.000889     2.484
   1.74398  0.69393 -0.03235 -0.91813  0.001061  0.000426  0.000872     2.490
   1.75416  0.70407 -0.03145 -0.91876  0.001071  0.000430  0.000864     2.491
   1.76433  0.71420 -0.03054 -0.91894  0.001087  0.000435  0.000842     2.502
   1.77450  0.72433 -0.02963 -0.91996  0.001090  0.000438  0.000849     2.492
   1.78467  0.73446 -0.02870 -0.92023  0.001105  0.000442  0.000831     2.499
   1.79486  0.74460 -0.02776 -0.92038  0.001120  0.000447  0.000812     2.508
   1.80503  0.75473 -0.02682 -0.92089  0.001129  0.000450  0.000807     2.507
   1.81520  0.76486 -0.02587 -0.92172  0.001133  0.000453  0.000812     2.500
   1.82538  0.77499 -0.02490 -0.92126  0.001158  0.000459  0.000776     2.521
   1.83556  0.78512 -0.02393 -0.92181  0.001164  0.000463  0.000776     2.517
   1.84573  0.79525 -0.02295 -0.92201  0.001176  0.000467  0.000765     2.520
   1.85591  0.80538 -0.02196 -0.92187  0.001194  0.000472  0.000744     2.532
   1.86608  0.81550 -0.02097 -0.92240  0.001199  0.000475  0.000747     2.525
   1.87625  0.82562 -0.01996 -0.92226  0.001216  0.000479  0.000729     2.535
   1.88642  0.83574 -0.01894 -0.92186  0.001236  0.000485  0.000705     2.550
   1.89658  0.84585 -0.01792 -0.92210  0.001244  0.000488  0.000702     2.547
   1.90675  0.85596 -0.01688 -0.92125  0.001272  0.000495  0.000668     2.571
   1.91690  0.86606 -0.01584 -0.92135  0.001280  0.000498  0.000666     2.568
   1.92705  0.87615 -0.01478 -0.92034  0.001310  0.000505  0.000631     2.595
   1.93718  0.88623 -0.01371 -0.91926  0.001339  0.000511  0.000599     2.620
   1.94730  0.89629 -0.01264 -0.91828  0.001366  0.000517  0.000573     2.641
   1.95739  0.90632 -0.01155 -0.91667  0.001406  0.000525  0.000530     2.679
   1.96743  0.91630 -0.01045 -0.91464  0.001456  0.000533  0.000480     2.731
   1.97740  0.92621 -0.00934 -0.91195  0.001527  0.000543  0.000412     2.809
   1.98727  0.93602 -0.00822 -0.90886  0.001617  0.000555  0.000334     2.915
   1.99699  0.94567 -0.00708 -0.90485  0.001770  0.000569  0.000221     3.112
   2.00652  0.95513 -0.00592 -0.90107  0.001991  0.000582  0.000099     3.419
   2.01578  0.96431 -0.00475 -0.89845  0.002304  0.000592 -0.000009     3.889
   2.02465  0.97311 -0.00357 -0.89700  0.002739  0.000598 -0.000073     4.581
   2.03304  0.98142 -0.00244 -0.89629  0.003244  0.000601 -0.000085     5.398
   2.04075  0.98906 -0.00140 -0.89616  0.003778  0.000601 -0.000081     6.284
   2.05178  1.00000  0.00000 -0.89732  0.005107  0.000593 -0.000075     8.607
   2.05178  1.00010  0.00000  0.89732  0.022150  0.008483  0.000000     2.611
   2.05934  1.00765  0.00028  0.90055  0.019599  0.008348  0.000000     2.348
   2.06749  1.01580  0.00055  0.90228  0.018270  0.008280  0.000000     2.207
   2.07630  1.02460  0.00085  0.90450  0.017101  0.008196  0.000000     2.087
   2.08580  1.03410  0.00118  0.90715  0.016050  0.008100  0.000000     1.982
   2.09605  1.04434  0.00156  0.91024  0.015089  0.007992  0.000000     1.888
   2.10712  1.05540  0.00200  0.91370  0.014207  0.007877  0.000000     1.804
   2.11906  1.06734  0.00249  0.91746  0.013400  0.007756  0.000000     1.728
   2.13195  1.08021  0.00305  0.92142  0.012664  0.007634  0.000000     1.659
   2.14587  1.09411  0.00369  0.92550  0.011996  0.007512  0.000000     1.597
   2.16088  1.10911  0.00441  0.92961  0.011390  0.007394  0.000000     1.540
   2.17709  1.12530  0.00524  0.93369  0.010844  0.007281  0.000000     1.489
   2.19458  1.14277  0.00617  0.93769  0.010351  0.007174  0.000000     1.443
   2.21346  1.16162  0.00723  0.94157  0.009906  0.007074  0.000000     1.400
   2.23384  1.18196  0.00844  0.94530  0.009506  0.006980  0.000000     1.362
   2.25583  1.20391  0.00979  0.94887  0.009144  0.006893  0.000000     1.327
   2.27957  1.22760  0.01133  0.95228  0.008818  0.006811  0.000000     1.295
   2.30519  1.25315  0.01306  0.95552  0.008524  0.006736  0.000000     1.265
   2.33284  1.28073  0.01501  0.95859  0.008258  0.006666  0.000000     1.239
   2.36268  1.31050  0.01720  0.96150  0.008017  0.006601  0.000000     1.215
   2.39489  1.34261  0.01967  0.96425  0.007800  0.006541  0.000000     1.192
   2.42965  1.37726  0.02244  0.96685  0.007604  0.006485  0.000000     1.172
   2.46716  1.41465  0.02554  0.96930  0.007426  0.006434  0.000000     1.154
   2.50766  1.45499  0.02902  0.97161  0.007267  0.006386  0.000000     1.138
   2.55136  1.49852  0.03290  0.97379  0.007123  0.006341  0.000000     1.123
   2.59853  1.54549  0.03724  0.97584  0.006994  0.006300  0.000000     1.110
   2.64944  1.59617  0.04208  0.97776  0.006878  0.006261  0.000000     1.098
   2.70438  1.65085  0.04747  0.97956  0.006774  0.006226  0.000000     1.088
   2.76368  1.70984  0.05347  0.98125  0.006681  0.006193  0.000000     1.079
   2.82768  1.77350  0.06014  0.98281  0.006598  0.006163  0.000000     1.071
   2.89676  1.84218  0.06754  0.98427  0.006524  0.006135  0.000000     1.063
   2.97132  1.91628  0.07575  0.98561  0.006458  0.006109  0.000000     1.057
   3.05178  1.99623  0.08483  0.98720  0.006392  0.006080  0.000000     1.051
