MH104                                           
 Alfa =   0.00000 Re =  2327595.000 Xflap,Yflap =     0.000000    0.000000
#    x        y        Cp  
   1.00000  0.00000  0.28726
   0.99592  0.00019  0.27768
   0.98925  0.00065  0.25620
   0.98187  0.00132  0.23909
   0.97376  0.00217  0.22182
   0.96499  0.00316  0.20359
   0.95570  0.00422  0.19034
   0.94612  0.00534  0.17707
   0.93638  0.00648  0.16879
   0.92658  0.00766  0.15945
   0.91675  0.00886  0.15286
   0.90690  0.01010  0.14571
   0.89705  0.01138  0.13795
   0.88719  0.01270  0.12975
   0.87731  0.01405  0.12213
   0.86743  0.01543  0.11477
   0.85753  0.01685  0.10622
   0.84762  0.01830  0.09825
   0.83771  0.01978  0.08943
   0.82778  0.02129  0.08049
   0.81785  0.02282  0.07208
   0.80790  0.02438  0.06290
   0.79795  0.02596  0.05375
   0.78799  0.02756  0.04498
   0.77802  0.02919  0.03418
   0.76804  0.03083  0.02526
   0.75805  0.03249  0.01542
   0.74805  0.03417  0.00443
   0.73804  0.03586 -0.00514
   0.72802  0.03757 -0.01712
   0.71799  0.03928 -0.02600
   0.70795  0.04101 -0.03782
   0.69791  0.04275 -0.05025
   0.68785  0.04449 -0.06065
   0.67778  0.04624 -0.07294
   0.66770  0.04799 -0.08436
   0.65763  0.04974 -0.09646
   0.64755  0.05149 -0.10835
   0.63748  0.05324 -0.12165
   0.62742  0.05498 -0.13346
   0.61737  0.05672 -0.14827
   0.60733  0.05844 -0.16011
   0.59731  0.06015 -0.17322
   0.58730  0.06185 -0.18629
   0.57730  0.06354 -0.20167
   0.56731  0.06521 -0.21545
   0.55733  0.06686 -0.22897
   0.54737  0.06849 -0.24355
   0.53742  0.07010 -0.25912
   0.52748  0.07168 -0.27169
   0.51755  0.07324 -0.28637
   0.50763  0.07478 -0.30381
   0.49773  0.07628 -0.31757
   0.48784  0.07775 -0.33155
   0.47797  0.07919 -0.34813
   0.46811  0.08059 -0.36206
   0.45826  0.08195 -0.37550
   0.44844  0.08327 -0.38835
   0.43862  0.08455 -0.40096
   0.42883  0.08578 -0.41003
   0.41905  0.08697 -0.43154
   0.40929  0.08810 -0.49254
   0.39955  0.08918 -0.55188
   0.38983  0.09020 -0.56247
   0.38012  0.09116 -0.57399
   0.37045  0.09206 -0.58619
   0.36080  0.09290 -0.59954
   0.35119  0.09366 -0.61418
   0.34164  0.09434 -0.63043
   0.33215  0.09494 -0.64839
   0.32272  0.09545 -0.66808
   0.31335  0.09585 -0.68508
   0.30404  0.09615 -0.70215
   0.29478  0.09635 -0.72052
   0.28556  0.09642 -0.73095
   0.27638  0.09638 -0.74243
   0.26723  0.09622 -0.74989
   0.25808  0.09594 -0.75647
   0.24894  0.09553 -0.75615
   0.23979  0.09500 -0.75575
   0.23065  0.09435 -0.75250
   0.22151  0.09359 -0.75332
   0.21239  0.09270 -0.74516
   0.20330  0.09170 -0.74349
   0.19426  0.09058 -0.73603
   0.18526  0.08934 -0.72927
   0.17632  0.08798 -0.72164
   0.16743  0.08649 -0.70954
   0.15862  0.08488 -0.69870
   0.14988  0.08314 -0.68345
   0.14121  0.08127 -0.66730
   0.13263  0.07927 -0.64920
   0.12416  0.07714 -0.62920
   0.11579  0.07487 -0.60329
   0.10756  0.07248 -0.58100
   0.09948  0.06995 -0.54876
   0.09157  0.06730 -0.51919
   0.08388  0.06453 -0.48250
   0.07641  0.06164 -0.44146
   0.06922  0.05866 -0.39946
   0.06234  0.05559 -0.34825
   0.05581  0.05246 -0.29398
   0.04967  0.04930 -0.23437
   0.04395  0.04614 -0.17292
   0.03869  0.04301 -0.10206
   0.03391  0.03996 -0.03048
   0.02960  0.03702  0.03847
   0.02574  0.03420  0.11202
   0.02232  0.03152  0.18503
   0.01930  0.02898  0.26347
   0.01663  0.02659  0.33253
   0.01427  0.02434  0.40300
   0.01219  0.02221  0.47061
   0.01036  0.02020  0.54018
   0.00875  0.01831  0.60453
   0.00732  0.01651  0.66548
   0.00606  0.01480  0.72503
   0.00495  0.01317  0.78220
   0.00398  0.01163  0.83244
   0.00314  0.01015  0.88000
   0.00241  0.00873  0.92005
   0.00180  0.00737  0.95645
   0.00127  0.00605  0.98235
   0.00084  0.00479  0.99784
   0.00050  0.00357  0.99980
   0.00025  0.00239  0.98586
   0.00008  0.00126  0.94891
   0.00000  0.00016  0.87993
   0.00005 -0.00093  0.76835
   0.00026 -0.00202  0.60247
   0.00070 -0.00309  0.49882
   0.00131 -0.00414  0.42736
   0.00206 -0.00518  0.35940
   0.00292 -0.00621  0.30071
   0.00391 -0.00725  0.25802
   0.00501 -0.00831  0.20864
   0.00623 -0.00939  0.15882
   0.00759 -0.01050  0.11636
   0.00911 -0.01165  0.07303
   0.01079 -0.01283  0.02997
   0.01267 -0.01406 -0.00715
   0.01477 -0.01533 -0.02921
   0.01711 -0.01667 -0.06530
   0.01973 -0.01807 -0.08867
   0.02267 -0.01956 -0.12005
   0.02598 -0.02114 -0.15573
   0.02972 -0.02281 -0.18385
   0.03393 -0.02457 -0.21307
   0.03867 -0.02642 -0.23596
   0.04399 -0.02837 -0.26959
   0.04990 -0.03037 -0.28954
   0.05636 -0.03241 -0.31271
   0.06334 -0.03446 -0.33854
   0.07076 -0.03647 -0.35563
   0.07856 -0.03843 -0.37573
   0.08664 -0.04030 -0.39253
   0.09498 -0.04207 -0.40333
   0.10350 -0.04374 -0.41787
   0.11218 -0.04529 -0.42560
   0.12099 -0.04672 -0.43153
   0.12991 -0.04804 -0.43490
   0.13892 -0.04925 -0.43910
   0.14801 -0.05035 -0.44087
   0.15717 -0.05134 -0.44055
   0.16640 -0.05222 -0.43760
   0.17569 -0.05300 -0.43265
   0.18505 -0.05369 -0.42753
   0.19447 -0.05429 -0.42236
   0.20395 -0.05480 -0.41433
   0.21349 -0.05523 -0.40557
   0.22308 -0.05559 -0.39823
   0.23273 -0.05588 -0.39001
   0.24241 -0.05610 -0.38190
   0.25213 -0.05625 -0.37172
   0.26188 -0.05635 -0.36363
   0.27166 -0.05639 -0.35471
   0.28147 -0.05638 -0.34616
   0.29130 -0.05632 -0.33805
   0.30116 -0.05621 -0.32980
   0.31104 -0.05605 -0.32033
   0.32094 -0.05585 -0.31187
   0.33086 -0.05561 -0.30379
   0.34080 -0.05533 -0.29489
   0.35076 -0.05502 -0.28753
   0.36074 -0.05467 -0.27911
   0.37074 -0.05429 -0.27117
   0.38074 -0.05389 -0.26453
   0.39077 -0.05345 -0.25684
   0.40080 -0.05299 -0.25016
   0.41084 -0.05250 -0.24318
   0.42090 -0.05199 -0.23701
   0.43097 -0.05146 -0.23119
   0.44105 -0.05091 -0.22635
   0.45114 -0.05034 -0.22246
   0.46123 -0.04975 -0.22036
   0.47134 -0.04914 -0.20851
   0.48145 -0.04852 -0.18102
   0.49156 -0.04789 -0.16661
   0.50167 -0.04724 -0.16074
   0.51178 -0.04657 -0.15531
   0.52190 -0.04590 -0.15718
   0.53201 -0.04520 -0.14992
   0.54211 -0.04450 -0.14962
   0.55222 -0.04378 -0.14619
   0.56233 -0.04304 -0.14055
   0.57244 -0.04229 -0.13640
   0.58255 -0.04153 -0.13217
   0.59266 -0.04076 -0.12960
   0.60278 -0.03997 -0.12452
   0.61290 -0.03916 -0.11759
   0.62302 -0.03835 -0.11372
   0.63315 -0.03753 -0.11078
   0.64328 -0.03669 -0.10467
   0.65341 -0.03584 -0.09971
   0.66354 -0.03498 -0.09470
   0.67367 -0.03411 -0.08890
   0.68380 -0.03324 -0.08636
   0.69393 -0.03235 -0.08048
   0.70407 -0.03145 -0.07571
   0.71420 -0.03054 -0.06964
   0.72433 -0.02963 -0.06657
   0.73446 -0.02870 -0.06053
   0.74460 -0.02776 -0.05458
   0.75473 -0.02682 -0.05038
   0.76486 -0.02587 -0.04635
   0.77499 -0.02490 -0.03880
   0.78512 -0.02393 -0.03447
   0.79525 -0.02295 -0.02907
   0.80538 -0.02196 -0.02261
   0.81550 -0.02097 -0.01864
   0.82562 -0.01996 -0.01223
   0.83574 -0.01894 -0.00526
   0.84585 -0.01792 -0.00058
   0.85596 -0.01688  0.00748
   0.86606 -0.01584  0.01237
   0.87615 -0.01478  0.02055
   0.88623 -0.01371  0.02867
   0.89629 -0.01264  0.03509
   0.90632 -0.01155  0.04387
   0.91630 -0.01045  0.05338
   0.92621 -0.00934  0.06308
   0.93602 -0.00822  0.07378
   0.94567 -0.00708  0.08785
   0.95513 -0.00592  0.10540
   0.96431 -0.00475  0.12636
   0.97311 -0.00357  0.15504
   0.98142 -0.00244  0.18608
   0.98906 -0.00140  0.21896
   1.00000  0.00000  0.28726
