MH61                                            
 Alfa =  12.00000 Re =   958636.000 Xflap,Yflap =     0.000000    0.000000
#    x        y        Cp  
   1.00000  0.00000 -0.05676
   0.99624 -0.00023 -0.05794
   0.98929 -0.00051 -0.06059
   0.98156 -0.00063 -0.06347
   0.97340 -0.00056 -0.06644
   0.96502 -0.00034 -0.06943
   0.95655  0.00000 -0.07241
   0.94800  0.00043 -0.07536
   0.93942  0.00095 -0.07830
   0.93082  0.00154 -0.08120
   0.92221  0.00220 -0.08408
   0.91359  0.00291 -0.08693
   0.90497  0.00369 -0.08974
   0.89633  0.00453 -0.09255
   0.88769  0.00542 -0.09531
   0.87904  0.00635 -0.09806
   0.87039  0.00733 -0.10078
   0.86172  0.00836 -0.10348
   0.85306  0.00942 -0.10616
   0.84438  0.01051 -0.10881
   0.83570  0.01163 -0.11143
   0.82702  0.01278 -0.11404
   0.81833  0.01397 -0.11659
   0.80963  0.01516 -0.11913
   0.80094  0.01639 -0.12161
   0.79224  0.01762 -0.12405
   0.78353  0.01887 -0.12642
   0.77482  0.02015 -0.12869
   0.76611  0.02143 -0.13087
   0.75740  0.02273 -0.13290
   0.74867  0.02403 -0.13474
   0.73995  0.02534 -0.13629
   0.73122  0.02666 -0.13752
   0.72248  0.02798 -0.13826
   0.71374  0.02930 -0.13846
   0.70501  0.03063 -0.13867
   0.69628  0.03194 -0.14105
   0.68756  0.03324 -0.14602
   0.67884  0.03455 -0.15203
   0.67014  0.03583 -0.15901
   0.66143  0.03710 -0.16709
   0.65274  0.03836 -0.17617
   0.64404  0.03959 -0.18627
   0.63534  0.04081 -0.19742
   0.62665  0.04200 -0.20954
   0.61796  0.04318 -0.22265
   0.60927  0.04433 -0.23669
   0.60058  0.04545 -0.25165
   0.59189  0.04655 -0.26735
   0.58319  0.04763 -0.28416
   0.57450  0.04867 -0.30124
   0.56581  0.04969 -0.31948
   0.55711  0.05068 -0.33805
   0.54841  0.05164 -0.35715
   0.53971  0.05257 -0.37691
   0.53101  0.05347 -0.39718
   0.52231  0.05433 -0.41754
   0.51361  0.05517 -0.43881
   0.50491  0.05598 -0.45998
   0.49620  0.05674 -0.48104
   0.48749  0.05749 -0.50327
   0.47878  0.05819 -0.52494
   0.47007  0.05886 -0.54633
   0.46136  0.05951 -0.56950
   0.45264  0.06010 -0.59114
   0.44393  0.06067 -0.61341
   0.43521  0.06121 -0.63636
   0.42649  0.06171 -0.65988
   0.41778  0.06217 -0.68202
   0.40906  0.06260 -0.70597
   0.40034  0.06298 -0.72841
   0.39162  0.06334 -0.75178
   0.38290  0.06365 -0.77538
   0.37418  0.06393 -0.79912
   0.36547  0.06417 -0.82472
   0.35675  0.06437 -0.84822
   0.34804  0.06452 -0.87339
   0.33932  0.06464 -0.89851
   0.33061  0.06471 -0.92367
   0.32190  0.06474 -0.94827
   0.31320  0.06473 -0.97637
   0.30450  0.06467 -1.00214
   0.29581  0.06457 -1.03210
   0.28712  0.06442 -1.05830
   0.27843  0.06422 -1.08914
   0.26976  0.06396 -1.11603
   0.26109  0.06366 -1.14636
   0.25242  0.06331 -1.17900
   0.24377  0.06290 -1.20972
   0.23513  0.06243 -1.24165
   0.22649  0.06190 -1.27531
   0.21787  0.06131 -1.31151
   0.20926  0.06065 -1.34552
   0.20067  0.05993 -1.38009
   0.19209  0.05914 -1.41957
   0.18352  0.05828 -1.45769
   0.17498  0.05735 -1.50151
   0.16646  0.05634 -1.54072
   0.15795  0.05525 -1.58559
   0.14947  0.05408 -1.62911
   0.14101  0.05282 -1.67971
   0.13258  0.05148 -1.73362
   0.12418  0.05004 -1.78341
   0.11582  0.04850 -1.83845
   0.10749  0.04687 -1.90860
   0.09922  0.04514 -1.98061
   0.09100  0.04329 -2.05367
   0.08285  0.04132 -2.13822
   0.07477  0.03923 -2.23827
   0.06679  0.03700 -2.34726
   0.05893  0.03463 -2.47058
   0.05121  0.03210 -2.61378
   0.04367  0.02940 -2.78413
   0.03636  0.02653 -2.99073
   0.02937  0.02348 -3.23633
   0.02285  0.02030 -3.55065
   0.01700  0.01705 -3.94629
   0.01215  0.01396 -4.41873
   0.00844  0.01121 -4.99961
   0.00576  0.00889 -5.74634
   0.00386  0.00698 -6.86121
   0.00251  0.00537 -8.44179
   0.00154  0.00401 -9.98812
   0.00085  0.00280 -10.08265
   0.00037  0.00172 -10.19171
   0.00008  0.00074 -10.42222
   0.00000 -0.00018 -11.01066
   0.00023 -0.00107 -9.52417
   0.00080 -0.00195 -5.22586
   0.00162 -0.00286 -3.04869
   0.00271 -0.00383 -1.55031
   0.00415 -0.00492 -0.67500
   0.00607 -0.00617  0.00549
   0.00871 -0.00767  0.45233
   0.01237 -0.00947  0.75010
   0.01730 -0.01151  0.91911
   0.02349 -0.01369  0.98996
   0.03055 -0.01587  0.99899
   0.03809 -0.01790  0.97835
   0.04593 -0.01978  0.94550
   0.05394 -0.02149  0.90566
   0.06209 -0.02306  0.86811
   0.07033 -0.02449  0.82673
   0.07865 -0.02579  0.79380
   0.08702 -0.02699  0.75937
   0.09545 -0.02808  0.72419
   0.10392 -0.02908  0.69565
   0.11242 -0.02998  0.66648
   0.12096 -0.03080  0.64128
   0.12953 -0.03155  0.61589
   0.13812 -0.03221  0.59381
   0.14673 -0.03282  0.57284
   0.15536 -0.03336  0.55191
   0.16401 -0.03385  0.53442
   0.17267 -0.03428  0.51351
   0.18134 -0.03466  0.50058
   0.19003 -0.03499  0.48242
   0.19873 -0.03527  0.47093
   0.20743 -0.03552  0.45481
   0.21615 -0.03571  0.44245
   0.22487 -0.03587  0.43265
   0.23360 -0.03600  0.41737
   0.24234 -0.03608  0.40878
   0.25108 -0.03613  0.39678
   0.25983 -0.03615  0.38831
   0.26858 -0.03615  0.37945
   0.27734 -0.03611  0.36997
   0.28610 -0.03605  0.36258
   0.29487 -0.03597  0.35435
   0.30364 -0.03586  0.34519
   0.31242 -0.03572  0.33745
   0.32120 -0.03556  0.33152
   0.32998 -0.03539  0.32502
   0.33876 -0.03519  0.31889
   0.34755 -0.03499  0.31300
   0.35634 -0.03475  0.30511
   0.36513 -0.03451  0.30178
   0.37393 -0.03425  0.29526
   0.38273 -0.03398  0.28891
   0.39153 -0.03368  0.28576
   0.40033 -0.03339  0.27865
   0.40913 -0.03308  0.27435
   0.41794 -0.03275  0.26922
   0.42675 -0.03241  0.26626
   0.43556 -0.03207  0.25982
   0.44437 -0.03171  0.25774
   0.45318 -0.03136  0.25222
   0.46199 -0.03099  0.24724
   0.47081 -0.03062  0.24272
   0.47962 -0.03022  0.23952
   0.48844 -0.02984  0.23507
   0.49726 -0.02944  0.23055
   0.50608 -0.02904  0.22717
   0.51490 -0.02863  0.22343
   0.52372 -0.02821  0.21960
   0.53254 -0.02780  0.21517
   0.54136 -0.02738  0.21059
   0.55018 -0.02695  0.20852
   0.55901 -0.02652  0.20327
   0.56783 -0.02609  0.20017
   0.57665 -0.02565  0.19567
   0.58548 -0.02521  0.19287
   0.59430 -0.02476  0.18873
   0.60313 -0.02432  0.18423
   0.61195 -0.02387  0.18071
   0.62078 -0.02342  0.17630
   0.62960 -0.02296  0.17312
   0.63843 -0.02251  0.16873
   0.64726 -0.02205  0.16469
   0.65608 -0.02159  0.16106
   0.66491 -0.02112  0.15803
   0.67374 -0.02066  0.15198
   0.68256 -0.02019  0.14969
   0.69139 -0.01972  0.14471
   0.70021 -0.01925  0.14149
   0.70904 -0.01878  0.13577
   0.71787 -0.01830  0.13265
   0.72669 -0.01782  0.12856
   0.73552 -0.01734  0.12344
   0.74435 -0.01686  0.11958
   0.75317 -0.01638  0.11502
   0.76200 -0.01590  0.10942
   0.77082 -0.01541  0.10520
   0.77965 -0.01492  0.10105
   0.78847 -0.01443  0.09492
   0.79729 -0.01393  0.09053
   0.80612 -0.01344  0.08462
   0.81494 -0.01294  0.07955
   0.82377 -0.01244  0.07361
   0.83259 -0.01194  0.06809
   0.84142 -0.01143  0.06257
   0.85024 -0.01093  0.05430
   0.85906 -0.01041  0.04938
   0.86787 -0.00990  0.04116
   0.87669 -0.00938  0.03309
   0.88550 -0.00886  0.02380
   0.89432 -0.00833  0.01828
   0.90312 -0.00780  0.00544
   0.91193 -0.00725 -0.00154
   0.92072 -0.00670 -0.01444
   0.92950 -0.00614 -0.02666
   0.93827 -0.00557 -0.03905
   0.94703 -0.00498 -0.05729
   0.95576 -0.00436 -0.07412
   0.96441 -0.00371 -0.09433
   0.97295 -0.00303 -0.11917
   0.98127 -0.00226 -0.14108
   0.98913 -0.00140 -0.13895
   0.99622 -0.00051 -0.12563
   1.00000  0.00000 -0.05676
