MH61                                            
 Alfa =   2.00000 Re =  1095584.000 Xflap,Yflap =     0.000000    0.000000
#    x        y        Cp  
   1.00000  0.00000  0.10359
   0.99624 -0.00023  0.10813
   0.98929 -0.00051  0.14114
   0.98156 -0.00063  0.15779
   0.97340 -0.00056  0.16474
   0.96502 -0.00034  0.16701
   0.95655  0.00000  0.16531
   0.94800  0.00043  0.16295
   0.93942  0.00095  0.15929
   0.93082  0.00154  0.15494
   0.92221  0.00220  0.15014
   0.91359  0.00291  0.14500
   0.90497  0.00369  0.13783
   0.89633  0.00453  0.13154
   0.88769  0.00542  0.12343
   0.87904  0.00635  0.11575
   0.87039  0.00733  0.10777
   0.86172  0.00836  0.09783
   0.85306  0.00942  0.08884
   0.84438  0.01051  0.08005
   0.83570  0.01163  0.06929
   0.82702  0.01278  0.06085
   0.81833  0.01397  0.04885
   0.80963  0.01516  0.03963
   0.80094  0.01639  0.02808
   0.79224  0.01762  0.01818
   0.78353  0.01887  0.00777
   0.77482  0.02015 -0.00454
   0.76611  0.02143 -0.01550
   0.75740  0.02273 -0.02687
   0.74867  0.02403 -0.03821
   0.73995  0.02534 -0.05109
   0.73122  0.02666 -0.06215
   0.72248  0.02798 -0.07460
   0.71374  0.02930 -0.08724
   0.70501  0.03063 -0.10040
   0.69628  0.03194 -0.11285
   0.68756  0.03324 -0.12412
   0.67884  0.03455 -0.13848
   0.67014  0.03583 -0.15025
   0.66143  0.03710 -0.16308
   0.65274  0.03836 -0.17484
   0.64404  0.03959 -0.18608
   0.63534  0.04081 -0.19673
   0.62665  0.04200 -0.20714
   0.61796  0.04318 -0.21791
   0.60927  0.04433 -0.22616
   0.60058  0.04545 -0.23666
   0.59189  0.04655 -0.24555
   0.58319  0.04763 -0.26131
   0.57450  0.04867 -0.28164
   0.56581  0.04969 -0.31684
   0.55711  0.05068 -0.35767
   0.54841  0.05164 -0.37286
   0.53971  0.05257 -0.37700
   0.53101  0.05347 -0.38201
   0.52231  0.05433 -0.38726
   0.51361  0.05517 -0.39317
   0.50491  0.05598 -0.39920
   0.49620  0.05674 -0.40524
   0.48749  0.05749 -0.41193
   0.47878  0.05819 -0.41874
   0.47007  0.05886 -0.42527
   0.46136  0.05951 -0.43291
   0.45264  0.06010 -0.43975
   0.44393  0.06067 -0.44683
   0.43521  0.06121 -0.45466
   0.42649  0.06171 -0.46221
   0.41778  0.06217 -0.46934
   0.40906  0.06260 -0.47745
   0.40034  0.06298 -0.48399
   0.39162  0.06334 -0.49168
   0.38290  0.06365 -0.49901
   0.37418  0.06393 -0.50623
   0.36547  0.06417 -0.51482
   0.35675  0.06437 -0.52155
   0.34804  0.06452 -0.52879
   0.33932  0.06464 -0.53679
   0.33061  0.06471 -0.54301
   0.32190  0.06474 -0.55012
   0.31320  0.06473 -0.55827
   0.30450  0.06467 -0.56434
   0.29581  0.06457 -0.57341
   0.28712  0.06442 -0.57858
   0.27843  0.06422 -0.58759
   0.26976  0.06396 -0.59276
   0.26109  0.06366 -0.59944
   0.25242  0.06331 -0.60737
   0.24377  0.06290 -0.61284
   0.23513  0.06243 -0.61935
   0.22649  0.06190 -0.62509
   0.21787  0.06131 -0.63193
   0.20926  0.06065 -0.63635
   0.20067  0.05993 -0.63976
   0.19209  0.05914 -0.64584
   0.18352  0.05828 -0.64929
   0.17498  0.05735 -0.65271
   0.16646  0.05634 -0.65550
   0.15795  0.05525 -0.65857
   0.14947  0.05408 -0.65749
   0.14101  0.05282 -0.65931
   0.13258  0.05148 -0.66022
   0.12418  0.05004 -0.65850
   0.11582  0.04850 -0.65451
   0.10749  0.04687 -0.65497
   0.09922  0.04514 -0.65337
   0.09100  0.04329 -0.64674
   0.08285  0.04132 -0.64101
   0.07477  0.03923 -0.63682
   0.06679  0.03700 -0.62922
   0.05893  0.03463 -0.61743
   0.05121  0.03210 -0.59836
   0.04367  0.02940 -0.58043
   0.03636  0.02653 -0.55216
   0.02937  0.02348 -0.51664
   0.02285  0.02030 -0.46750
   0.01700  0.01705 -0.40016
   0.01215  0.01396 -0.31916
   0.00844  0.01121 -0.21913
   0.00576  0.00889 -0.10069
   0.00386  0.00698  0.00893
   0.00251  0.00537  0.14065
   0.00154  0.00401  0.25171
   0.00085  0.00280  0.39535
   0.00037  0.00172  0.53395
   0.00008  0.00074  0.65710
   0.00000 -0.00018  0.84425
   0.00023 -0.00107  0.98288
   0.00080 -0.00195  0.99019
   0.00162 -0.00286  0.93529
   0.00271 -0.00383  0.86257
   0.00415 -0.00492  0.77590
   0.00607 -0.00617  0.68307
   0.00871 -0.00767  0.58007
   0.01237 -0.00947  0.47085
   0.01730 -0.01151  0.37665
   0.02349 -0.01369  0.29510
   0.03055 -0.01587  0.22253
   0.03809 -0.01790  0.16426
   0.04593 -0.01978  0.12102
   0.05394 -0.02149  0.08166
   0.06209 -0.02306  0.05244
   0.07033 -0.02449  0.02434
   0.07865 -0.02579  0.00675
   0.08702 -0.02699 -0.01255
   0.09545 -0.02808 -0.02554
   0.10392 -0.02908 -0.04064
   0.11242 -0.02998 -0.05017
   0.12096 -0.03080 -0.05893
   0.12953 -0.03155 -0.06688
   0.13812 -0.03221 -0.07030
   0.14673 -0.03282 -0.07726
   0.15536 -0.03336 -0.07918
   0.16401 -0.03385 -0.08403
   0.17267 -0.03428 -0.08625
   0.18134 -0.03466 -0.08832
   0.19003 -0.03499 -0.08936
   0.19873 -0.03527 -0.08970
   0.20743 -0.03552 -0.09189
   0.21615 -0.03571 -0.09078
   0.22487 -0.03587 -0.09002
   0.23360 -0.03600 -0.08997
   0.24234 -0.03608 -0.09017
   0.25108 -0.03613 -0.08789
   0.25983 -0.03615 -0.08599
   0.26858 -0.03615 -0.08590
   0.27734 -0.03611 -0.08353
   0.28610 -0.03605 -0.08205
   0.29487 -0.03597 -0.07987
   0.30364 -0.03586 -0.07907
   0.31242 -0.03572 -0.07609
   0.32120 -0.03556 -0.07346
   0.32998 -0.03539 -0.07185
   0.33876 -0.03519 -0.06882
   0.34755 -0.03499 -0.06777
   0.35634 -0.03475 -0.06428
   0.36513 -0.03451 -0.06208
   0.37393 -0.03425 -0.06005
   0.38273 -0.03398 -0.05805
   0.39153 -0.03368 -0.05481
   0.40033 -0.03339 -0.05338
   0.40913 -0.03308 -0.05028
   0.41794 -0.03275 -0.04880
   0.42675 -0.03241 -0.04513
   0.43556 -0.03207 -0.04334
   0.44437 -0.03171 -0.04040
   0.45318 -0.03136 -0.03934
   0.46199 -0.03099 -0.03649
   0.47081 -0.03062 -0.03528
   0.47962 -0.03022 -0.03178
   0.48844 -0.02984 -0.03083
   0.49726 -0.02944 -0.02789
   0.50608 -0.02904 -0.02642
   0.51490 -0.02863 -0.02372
   0.52372 -0.02821 -0.02178
   0.53254 -0.02780 -0.02048
   0.54136 -0.02738 -0.01871
   0.55018 -0.02695 -0.01607
   0.55901 -0.02652 -0.01457
   0.56783 -0.02609 -0.01284
   0.57665 -0.02565 -0.01091
   0.58548 -0.02521 -0.00900
   0.59430 -0.02476 -0.00752
   0.60313 -0.02432 -0.00630
   0.61195 -0.02387 -0.00425
   0.62078 -0.02342 -0.00311
   0.62960 -0.02296 -0.00076
   0.63843 -0.02251  0.00021
   0.64726 -0.02205  0.00194
   0.65608 -0.02159  0.00337
   0.66491 -0.02112  0.00549
   0.67374 -0.02066  0.00630
   0.68256 -0.02019  0.00840
   0.69139 -0.01972  0.00958
   0.70021 -0.01925  0.01131
   0.70904 -0.01878  0.01231
   0.71787 -0.01830  0.01424
   0.72669 -0.01782  0.01589
   0.73552 -0.01734  0.01728
   0.74435 -0.01686  0.01892
   0.75317 -0.01638  0.02034
   0.76200 -0.01590  0.02149
   0.77082 -0.01541  0.02339
   0.77965 -0.01492  0.02505
   0.78847 -0.01443  0.02651
   0.79729 -0.01393  0.02864
   0.80612 -0.01344  0.02999
   0.81494 -0.01294  0.03197
   0.82377 -0.01244  0.03387
   0.83259 -0.01194  0.03557
   0.84142 -0.01143  0.03805
   0.85024 -0.01093  0.03948
   0.85906 -0.01041  0.04243
   0.86787 -0.00990  0.04434
   0.87669 -0.00938  0.04695
   0.88550 -0.00886  0.04947
   0.89432 -0.00833  0.05260
   0.90312 -0.00780  0.05540
   0.91193 -0.00725  0.05914
   0.92072 -0.00670  0.06255
   0.92950 -0.00614  0.06625
   0.93827 -0.00557  0.07005
   0.94703 -0.00498  0.07350
   0.95576 -0.00436  0.07665
   0.96441 -0.00371  0.07914
   0.97295 -0.00303  0.08112
   0.98127 -0.00226  0.08247
   0.98913 -0.00140  0.08281
   0.99622 -0.00051  0.08231
   1.00000  0.00000  0.10359
