MH104                                           
 Alfa =   8.00000 Re =  1095584.000 Xflap,Yflap =     0.000000    0.000000
#    x        y        Cp  
   1.00000  0.00000  0.19064
   0.99592  0.00019  0.18147
   0.98925  0.00065  0.16753
   0.98187  0.00132  0.15630
   0.97376  0.00217  0.14408
   0.96499  0.00316  0.13063
   0.95570  0.00422  0.11861
   0.94612  0.00534  0.10629
   0.93638  0.00648  0.09590
   0.92658  0.00766  0.08507
   0.91675  0.00886  0.07550
   0.90690  0.01010  0.06539
   0.89705  0.01138  0.05511
   0.88719  0.01270  0.04408
   0.87731  0.01405  0.03337
   0.86743  0.01543  0.02262
   0.85753  0.01685  0.01108
   0.84762  0.01830 -0.00042
   0.83771  0.01978 -0.01252
   0.82778  0.02129 -0.02498
   0.81785  0.02282 -0.03733
   0.80790  0.02438 -0.05030
   0.79795  0.02596 -0.06359
   0.78799  0.02756 -0.07671
   0.77802  0.02919 -0.09115
   0.76804  0.03083 -0.10498
   0.75805  0.03249 -0.11943
   0.74805  0.03417 -0.13485
   0.73804  0.03586 -0.14967
   0.72802  0.03757 -0.16618
   0.71799  0.03928 -0.18118
   0.70795  0.04101 -0.19800
   0.69791  0.04275 -0.21550
   0.68785  0.04449 -0.23245
   0.67778  0.04624 -0.25034
   0.66770  0.04799 -0.26813
   0.65763  0.04974 -0.28667
   0.64755  0.05149 -0.30539
   0.63748  0.05324 -0.32549
   0.62742  0.05498 -0.34456
   0.61737  0.05672 -0.36635
   0.60733  0.05844 -0.38624
   0.59731  0.06015 -0.40726
   0.58730  0.06185 -0.42867
   0.57730  0.06354 -0.45211
   0.56731  0.06521 -0.47497
   0.55733  0.06686 -0.49794
   0.54737  0.06849 -0.52191
   0.53742  0.07010 -0.54704
   0.52748  0.07168 -0.57073
   0.51755  0.07324 -0.59623
   0.50763  0.07478 -0.62438
   0.49773  0.07628 -0.65061
   0.48784  0.07775 -0.67775
   0.47797  0.07919 -0.70726
   0.46811  0.08059 -0.73555
   0.45826  0.08195 -0.76520
   0.44844  0.08327 -0.79506
   0.43862  0.08455 -0.82776
   0.42883  0.08578 -0.85721
   0.41905  0.08697 -0.89376
   0.40929  0.08810 -0.92519
   0.39955  0.08918 -0.96020
   0.38983  0.09020 -0.99547
   0.38012  0.09116 -1.02950
   0.37045  0.09206 -1.06718
   0.36080  0.09290 -1.10850
   0.35119  0.09366 -1.14671
   0.34164  0.09434 -1.18448
   0.33215  0.09494 -1.22570
   0.32272  0.09545 -1.26744
   0.31335  0.09585 -1.30345
   0.30404  0.09615 -1.34890
   0.29478  0.09635 -1.42558
   0.28556  0.09642 -1.52626
   0.27638  0.09638 -1.57338
   0.26723  0.09622 -1.58858
   0.25808  0.09594 -1.60666
   0.24894  0.09553 -1.62529
   0.23979  0.09500 -1.64510
   0.23065  0.09435 -1.66552
   0.22151  0.09359 -1.68851
   0.21239  0.09270 -1.70977
   0.20330  0.09170 -1.73418
   0.19426  0.09058 -1.75760
   0.18526  0.08934 -1.78290
   0.17632  0.08798 -1.80824
   0.16743  0.08649 -1.83249
   0.15862  0.08488 -1.85873
   0.14988  0.08314 -1.88345
   0.14121  0.08127 -1.90952
   0.13263  0.07927 -1.93566
   0.12416  0.07714 -1.96240
   0.11579  0.07487 -1.98700
   0.10756  0.07248 -2.01787
   0.09948  0.06995 -2.04150
   0.09157  0.06730 -2.07186
   0.08388  0.06453 -2.09881
   0.07641  0.06164 -2.12442
   0.06922  0.05866 -2.15463
   0.06234  0.05559 -2.17582
   0.05581  0.05246 -2.19908
   0.04967  0.04930 -2.21691
   0.04395  0.04614 -2.23878
   0.03869  0.04301 -2.24791
   0.03391  0.03996 -2.25556
   0.02960  0.03702 -2.26855
   0.02574  0.03420 -2.27997
   0.02232  0.03152 -2.28324
   0.01930  0.02898 -2.27346
   0.01663  0.02659 -2.27913
   0.01427  0.02434 -2.28533
   0.01219  0.02221 -2.28172
   0.01036  0.02020 -2.26783
   0.00875  0.01831 -2.26945
   0.00732  0.01651 -2.26350
   0.00606  0.01480 -2.24998
   0.00495  0.01317 -2.25341
   0.00398  0.01163 -2.26120
   0.00314  0.01015 -2.23679
   0.00241  0.00873 -2.23182
   0.00180  0.00737 -2.16189
   0.00127  0.00605 -2.15558
   0.00084  0.00479 -2.13104
   0.00050  0.00357 -2.07830
   0.00025  0.00239 -2.04276
   0.00008  0.00126 -2.04235
   0.00000  0.00016 -2.05747
   0.00005 -0.00093 -1.96756
   0.00026 -0.00202 -1.69052
   0.00070 -0.00309 -0.94742
   0.00131 -0.00414 -0.40149
   0.00206 -0.00518  0.00561
   0.00292 -0.00621  0.28973
   0.00391 -0.00725  0.50519
   0.00501 -0.00831  0.64915
   0.00623 -0.00939  0.76661
   0.00759 -0.01050  0.85007
   0.00911 -0.01165  0.91210
   0.01079 -0.01283  0.95411
   0.01267 -0.01406  0.98190
   0.01477 -0.01533  0.99651
   0.01711 -0.01667  1.00055
   0.01973 -0.01807  0.99547
   0.02267 -0.01956  0.98246
   0.02598 -0.02114  0.96269
   0.02972 -0.02281  0.93658
   0.03393 -0.02457  0.90530
   0.03867 -0.02642  0.87022
   0.04399 -0.02837  0.82973
   0.04990 -0.03037  0.78868
   0.05636 -0.03241  0.74553
   0.06334 -0.03446  0.69969
   0.07076 -0.03647  0.65782
   0.07856 -0.03843  0.61428
   0.08664 -0.04030  0.57362
   0.09498 -0.04207  0.53726
   0.10350 -0.04374  0.49946
   0.11218 -0.04529  0.46660
   0.12099 -0.04672  0.43649
   0.12991 -0.04804  0.40811
   0.13892 -0.04925  0.38240
   0.14801 -0.05035  0.35796
   0.15717 -0.05134  0.33597
   0.16640 -0.05222  0.31685
   0.17569 -0.05300  0.30018
   0.18505 -0.05369  0.28407
   0.19447 -0.05429  0.26965
   0.20395 -0.05480  0.25753
   0.21349 -0.05523  0.24692
   0.22308 -0.05559  0.23577
   0.23273 -0.05588  0.22697
   0.24241 -0.05610  0.21760
   0.25213 -0.05625  0.21131
   0.26188 -0.05635  0.20408
   0.27166 -0.05639  0.19783
   0.28147 -0.05638  0.19208
   0.29130 -0.05632  0.18613
   0.30116 -0.05621  0.18148
   0.31104 -0.05605  0.17752
   0.32094 -0.05585  0.17392
   0.33086 -0.05561  0.17040
   0.34080 -0.05533  0.16783
   0.35076 -0.05502  0.16430
   0.36074 -0.05467  0.16230
   0.37074 -0.05429  0.16019
   0.38074 -0.05389  0.15714
   0.39077 -0.05345  0.15553
   0.40080 -0.05299  0.15380
   0.41084 -0.05250  0.15231
   0.42090 -0.05199  0.15078
   0.43097 -0.05146  0.14916
   0.44105 -0.05091  0.14792
   0.45114 -0.05034  0.14607
   0.46123 -0.04975  0.14524
   0.47134 -0.04914  0.14411
   0.48145 -0.04852  0.14335
   0.49156 -0.04789  0.14121
   0.50167 -0.04724  0.14020
   0.51178 -0.04657  0.13965
   0.52190 -0.04590  0.13728
   0.53201 -0.04520  0.13754
   0.54211 -0.04450  0.13538
   0.55222 -0.04378  0.13434
   0.56233 -0.04304  0.13429
   0.57244 -0.04229  0.13352
   0.58255 -0.04153  0.13294
   0.59266 -0.04076  0.13176
   0.60278 -0.03997  0.13156
   0.61290 -0.03916  0.13187
   0.62302 -0.03835  0.13174
   0.63315 -0.03753  0.13063
   0.64328 -0.03669  0.13114
   0.65341 -0.03584  0.13109
   0.66354 -0.03498  0.13152
   0.67367 -0.03411  0.13200
   0.68380 -0.03324  0.13137
   0.69393 -0.03235  0.13197
   0.70407 -0.03145  0.13238
   0.71420 -0.03054  0.13340
   0.72433 -0.02963  0.13321
   0.73446 -0.02870  0.13429
   0.74460 -0.02776  0.13554
   0.75473 -0.02682  0.13629
   0.76486 -0.02587  0.13676
   0.77499 -0.02490  0.13912
   0.78512 -0.02393  0.14016
   0.79525 -0.02295  0.14182
   0.80538 -0.02196  0.14411
   0.81550 -0.02097  0.14564
   0.82562 -0.01996  0.14829
   0.83574 -0.01894  0.15149
   0.84585 -0.01792  0.15423
   0.85596 -0.01688  0.15850
   0.86606 -0.01584  0.16212
   0.87615 -0.01478  0.16716
   0.88623 -0.01371  0.17241
   0.89629 -0.01264  0.17753
   0.90632 -0.01155  0.18261
   0.91630 -0.01045  0.18689
   0.92621 -0.00934  0.19013
   0.93602 -0.00822  0.19268
   0.94567 -0.00708  0.19443
   0.95513 -0.00592  0.19533
   0.96431 -0.00475  0.19548
   0.97311 -0.00357  0.19498
   0.98142 -0.00244  0.19415
   0.98906 -0.00140  0.19319
   1.00000  0.00000  0.19064
