MH104                                           
 Alfa =  -2.00000 Re =  2081144.000 Xflap,Yflap =     0.000000    0.000000
#    x        y        Cp  
   1.00000  0.00000  0.27972
   0.99592  0.00019  0.27049
   0.98925  0.00065  0.24929
   0.98187  0.00132  0.23353
   0.97376  0.00217  0.21782
   0.96499  0.00316  0.20101
   0.95570  0.00422  0.18985
   0.94612  0.00534  0.17830
   0.93638  0.00648  0.17214
   0.92658  0.00766  0.16448
   0.91675  0.00886  0.15962
   0.90690  0.01010  0.15410
   0.89705  0.01138  0.14769
   0.88719  0.01270  0.14095
   0.87731  0.01405  0.13467
   0.86743  0.01543  0.12864
   0.85753  0.01685  0.12132
   0.84762  0.01830  0.11465
   0.83771  0.01978  0.10704
   0.82778  0.02129  0.09935
   0.81785  0.02282  0.09221
   0.80790  0.02438  0.08429
   0.79795  0.02596  0.07645
   0.78799  0.02756  0.06892
   0.77802  0.02919  0.05932
   0.76804  0.03083  0.05181
   0.75805  0.03249  0.04323
   0.74805  0.03417  0.03358
   0.73804  0.03586  0.02543
   0.72802  0.03757  0.01473
   0.71799  0.03928  0.00743
   0.70795  0.04101 -0.00301
   0.69791  0.04275 -0.01404
   0.68785  0.04449 -0.02267
   0.67778  0.04624 -0.03363
   0.66770  0.04799 -0.04336
   0.65763  0.04974 -0.05378
   0.64755  0.05149 -0.06392
   0.63748  0.05324 -0.07550
   0.62742  0.05498 -0.08550
   0.61737  0.05672 -0.09850
   0.60733  0.05844 -0.10816
   0.59731  0.06015 -0.11931
   0.58730  0.06185 -0.13029
   0.57730  0.06354 -0.14347
   0.56731  0.06521 -0.15498
   0.55733  0.06686 -0.16600
   0.54737  0.06849 -0.17787
   0.53742  0.07010 -0.19054
   0.52748  0.07168 -0.19998
   0.51755  0.07324 -0.21148
   0.50763  0.07478 -0.22485
   0.49773  0.07628 -0.23398
   0.48784  0.07775 -0.24281
   0.47797  0.07919 -0.25299
   0.46811  0.08059 -0.26324
   0.45826  0.08195 -0.28540
   0.44844  0.08327 -0.34465
   0.43862  0.08455 -0.37209
   0.42883  0.08578 -0.38044
   0.41905  0.08697 -0.39020
   0.40929  0.08810 -0.40048
   0.39955  0.08918 -0.41155
   0.38983  0.09020 -0.42335
   0.38012  0.09116 -0.43584
   0.37045  0.09206 -0.44936
   0.36080  0.09290 -0.46425
   0.35119  0.09366 -0.47911
   0.34164  0.09434 -0.49438
   0.33215  0.09494 -0.51034
   0.32272  0.09545 -0.52690
   0.31335  0.09585 -0.53932
   0.30404  0.09615 -0.55192
   0.29478  0.09635 -0.56527
   0.28556  0.09642 -0.57052
   0.27638  0.09638 -0.57675
   0.26723  0.09622 -0.57964
   0.25808  0.09594 -0.58025
   0.24894  0.09553 -0.57586
   0.23979  0.09500 -0.57034
   0.23065  0.09435 -0.56177
   0.22151  0.09359 -0.55731
   0.21239  0.09270 -0.54474
   0.20330  0.09170 -0.53648
   0.19426  0.09058 -0.52416
   0.18526  0.08934 -0.51128
   0.17632  0.08798 -0.49724
   0.16743  0.08649 -0.47959
   0.15862  0.08488 -0.46192
   0.14988  0.08314 -0.44060
   0.14121  0.08127 -0.41724
   0.13263  0.07927 -0.39280
   0.12416  0.07714 -0.36527
   0.11579  0.07487 -0.33252
   0.10756  0.07248 -0.30200
   0.09948  0.06995 -0.26244
   0.09157  0.06730 -0.22546
   0.08388  0.06453 -0.18040
   0.07641  0.06164 -0.13190
   0.06922  0.05866 -0.08107
   0.06234  0.05559 -0.02379
   0.05581  0.05246  0.03852
   0.04967  0.04930  0.10283
   0.04395  0.04614  0.17066
   0.03869  0.04301  0.24370
   0.03391  0.03996  0.31718
   0.02960  0.03702  0.38896
   0.02574  0.03420  0.45985
   0.02232  0.03152  0.52998
   0.01930  0.02898  0.60115
   0.01663  0.02659  0.66435
   0.01427  0.02434  0.72251
   0.01219  0.02221  0.78016
   0.01036  0.02020  0.83341
   0.00875  0.01831  0.87758
   0.00732  0.01651  0.91897
   0.00606  0.01480  0.95151
   0.00495  0.01317  0.97729
   0.00398  0.01163  0.99454
   0.00314  0.01015  1.00083
   0.00241  0.00873  0.99515
   0.00180  0.00737  0.97557
   0.00127  0.00605  0.93762
   0.00084  0.00479  0.87859
   0.00050  0.00357  0.79406
   0.00025  0.00239  0.68970
   0.00008  0.00126  0.52463
   0.00000  0.00016  0.28699
   0.00005 -0.00093  0.01380
   0.00026 -0.00202 -0.35235
   0.00070 -0.00309 -0.46443
   0.00131 -0.00414 -0.48414
   0.00206 -0.00518 -0.49862
   0.00292 -0.00621 -0.52012
   0.00391 -0.00725 -0.51744
   0.00501 -0.00831 -0.53111
   0.00623 -0.00939 -0.55058
   0.00759 -0.01050 -0.56898
   0.00911 -0.01165 -0.58810
   0.01079 -0.01283 -0.59867
   0.01267 -0.01406 -0.61425
   0.01477 -0.01533 -0.60707
   0.01711 -0.01667 -0.61889
   0.01973 -0.01807 -0.61370
   0.02267 -0.01956 -0.62366
   0.02598 -0.02114 -0.63759
   0.02972 -0.02281 -0.64441
   0.03393 -0.02457 -0.65170
   0.03867 -0.02642 -0.65439
   0.04399 -0.02837 -0.66861
   0.04990 -0.03037 -0.66861
   0.05636 -0.03241 -0.67253
   0.06334 -0.03446 -0.68204
   0.07076 -0.03647 -0.68204
   0.07856 -0.03843 -0.68862
   0.08664 -0.04030 -0.69051
   0.09498 -0.04207 -0.68805
   0.10350 -0.04374 -0.69105
   0.11218 -0.04529 -0.68799
   0.12099 -0.04672 -0.68228
   0.12991 -0.04804 -0.67614
   0.13892 -0.04925 -0.67105
   0.14801 -0.05035 -0.66385
   0.15717 -0.05134 -0.65511
   0.16640 -0.05222 -0.64397
   0.17569 -0.05300 -0.63148
   0.18505 -0.05369 -0.61940
   0.19447 -0.05429 -0.60690
   0.20395 -0.05480 -0.59229
   0.21349 -0.05523 -0.57810
   0.22308 -0.05559 -0.56454
   0.23273 -0.05588 -0.55113
   0.24241 -0.05610 -0.53775
   0.25213 -0.05625 -0.52327
   0.26188 -0.05635 -0.51065
   0.27166 -0.05639 -0.49807
   0.28147 -0.05638 -0.48596
   0.29130 -0.05632 -0.47457
   0.30116 -0.05621 -0.46354
   0.31104 -0.05605 -0.45249
   0.32094 -0.05585 -0.44283
   0.33086 -0.05561 -0.43404
   0.34080 -0.05533 -0.42690
   0.35076 -0.05502 -0.41915
   0.36074 -0.05467 -0.37201
   0.37074 -0.05429 -0.34419
   0.38074 -0.05389 -0.33638
   0.39077 -0.05345 -0.32714
   0.40080 -0.05299 -0.32203
   0.41084 -0.05250 -0.31326
   0.42090 -0.05199 -0.30623
   0.43097 -0.05146 -0.29857
   0.44105 -0.05091 -0.29142
   0.45114 -0.05034 -0.28342
   0.46123 -0.04975 -0.27559
   0.47134 -0.04914 -0.26672
   0.48145 -0.04852 -0.25919
   0.49156 -0.04789 -0.25364
   0.50167 -0.04724 -0.24674
   0.51178 -0.04657 -0.23699
   0.52190 -0.04590 -0.23456
   0.53201 -0.04520 -0.22375
   0.54211 -0.04450 -0.21974
   0.55222 -0.04378 -0.21346
   0.56233 -0.04304 -0.20499
   0.57244 -0.04229 -0.19859
   0.58255 -0.04153 -0.19206
   0.59266 -0.04076 -0.18709
   0.60278 -0.03997 -0.18025
   0.61290 -0.03916 -0.17124
   0.62302 -0.03835 -0.16585
   0.63315 -0.03753 -0.16066
   0.64328 -0.03669 -0.15313
   0.65341 -0.03584 -0.14645
   0.66354 -0.03498 -0.13984
   0.67367 -0.03411 -0.13261
   0.68380 -0.03324 -0.12830
   0.69393 -0.03235 -0.12096
   0.70407 -0.03145 -0.11467
   0.71420 -0.03054 -0.10722
   0.72433 -0.02963 -0.10251
   0.73446 -0.02870 -0.09510
   0.74460 -0.02776 -0.08783
   0.75473 -0.02682 -0.08209
   0.76486 -0.02587 -0.07645
   0.77499 -0.02490 -0.06782
   0.78512 -0.02393 -0.06186
   0.79525 -0.02295 -0.05503
   0.80538 -0.02196 -0.04728
   0.81550 -0.02097 -0.04162
   0.82562 -0.01996 -0.03378
   0.83574 -0.01894 -0.02549
   0.84585 -0.01792 -0.01901
   0.85596 -0.01688 -0.00970
   0.86606 -0.01584 -0.00286
   0.87615 -0.01478  0.00677
   0.88623 -0.01371  0.01652
   0.89629 -0.01264  0.02492
   0.90632 -0.01155  0.03551
   0.91630 -0.01045  0.04708
   0.92621 -0.00934  0.05887
   0.93602 -0.00822  0.07207
   0.94567 -0.00708  0.08834
   0.95513 -0.00592  0.10806
   0.96431 -0.00475  0.13089
   0.97311 -0.00357  0.15987
   0.98142 -0.00244  0.19035
   0.98906 -0.00140  0.22131
   1.00000  0.00000  0.27972
