MH104                                           
 Alfa =   2.00000 Re =  2081144.000 Xflap,Yflap =     0.000000    0.000000
#    x        y        Cp  
   1.00000  0.00000  0.29388
   0.99592  0.00019  0.28437
   0.98925  0.00065  0.26368
   0.98187  0.00132  0.24626
   0.97376  0.00217  0.22823
   0.96499  0.00316  0.20932
   0.95570  0.00422  0.19435
   0.94612  0.00534  0.17962
   0.93638  0.00648  0.16923
   0.92658  0.00766  0.15825
   0.91675  0.00886  0.14984
   0.90690  0.01010  0.14101
   0.89705  0.01138  0.13186
   0.88719  0.01270  0.12223
   0.87731  0.01405  0.11325
   0.86743  0.01543  0.10450
   0.85753  0.01685  0.09472
   0.84762  0.01830  0.08546
   0.83771  0.01978  0.07543
   0.82778  0.02129  0.06526
   0.81785  0.02282  0.05556
   0.80790  0.02438  0.04514
   0.79795  0.02596  0.03472
   0.78799  0.02756  0.02464
   0.77802  0.02919  0.01272
   0.76804  0.03083  0.00240
   0.75805  0.03249 -0.00876
   0.74805  0.03417 -0.02101
   0.73804  0.03586 -0.03199
   0.72802  0.03757 -0.04523
   0.71799  0.03928 -0.05572
   0.70795  0.04101 -0.06888
   0.69791  0.04275 -0.08265
   0.68785  0.04449 -0.09466
   0.67778  0.04624 -0.10845
   0.66770  0.04799 -0.12156
   0.65763  0.04974 -0.13507
   0.64755  0.05149 -0.14879
   0.63748  0.05324 -0.16383
   0.62742  0.05498 -0.17730
   0.61737  0.05672 -0.19396
   0.60733  0.05844 -0.20761
   0.59731  0.06015 -0.22266
   0.58730  0.06185 -0.23778
   0.57730  0.06354 -0.25514
   0.56731  0.06521 -0.27097
   0.55733  0.06686 -0.28685
   0.54737  0.06849 -0.30352
   0.53742  0.07010 -0.32151
   0.52748  0.07168 -0.33672
   0.51755  0.07324 -0.35393
   0.50763  0.07478 -0.37400
   0.49773  0.07628 -0.39068
   0.48784  0.07775 -0.40810
   0.47797  0.07919 -0.42779
   0.46811  0.08059 -0.44595
   0.45826  0.08195 -0.46311
   0.44844  0.08327 -0.48170
   0.43862  0.08455 -0.49990
   0.42883  0.08578 -0.51485
   0.41905  0.08697 -0.53394
   0.40929  0.08810 -0.54517
   0.39955  0.08918 -0.55902
   0.38983  0.09020 -0.59074
   0.38012  0.09116 -0.71914
   0.37045  0.09206 -0.74083
   0.36080  0.09290 -0.75305
   0.35119  0.09366 -0.76585
   0.34164  0.09434 -0.77965
   0.33215  0.09494 -0.79531
   0.32272  0.09545 -0.81385
   0.31335  0.09585 -0.83306
   0.30404  0.09615 -0.85339
   0.29478  0.09635 -0.87594
   0.28556  0.09642 -0.89165
   0.27638  0.09638 -0.90871
   0.26723  0.09622 -0.92154
   0.25808  0.09594 -0.93330
   0.24894  0.09553 -0.93886
   0.23979  0.09500 -0.94402
   0.23065  0.09435 -0.94634
   0.22151  0.09359 -0.95273
   0.21239  0.09270 -0.95170
   0.20330  0.09170 -0.95515
   0.19426  0.09058 -0.95421
   0.18526  0.08934 -0.95455
   0.17632  0.08798 -0.95351
   0.16743  0.08649 -0.94882
   0.15862  0.08488 -0.94557
   0.14988  0.08314 -0.93732
   0.14121  0.08127 -0.92918
   0.13263  0.07927 -0.92026
   0.12416  0.07714 -0.90785
   0.11579  0.07487 -0.89168
   0.10756  0.07248 -0.87881
   0.09948  0.06995 -0.85588
   0.09157  0.06730 -0.83772
   0.08388  0.06453 -0.81141
   0.07641  0.06164 -0.78026
   0.06922  0.05866 -0.75063
   0.06234  0.05559 -0.70997
   0.05581  0.05246 -0.66710
   0.04967  0.04930 -0.61803
   0.04395  0.04614 -0.56784
   0.03869  0.04301 -0.50590
   0.03391  0.03996 -0.44284
   0.02960  0.03702 -0.37921
   0.02574  0.03420 -0.31741
   0.02232  0.03152 -0.24638
   0.01930  0.02898 -0.16993
   0.01663  0.02659 -0.10266
   0.01427  0.02434 -0.03737
   0.01219  0.02221  0.03583
   0.01036  0.02020  0.11279
   0.00875  0.01831  0.18011
   0.00732  0.01651  0.24971
   0.00606  0.01480  0.32257
   0.00495  0.01317  0.39036
   0.00398  0.01163  0.45586
   0.00314  0.01015  0.52994
   0.00241  0.00873  0.59152
   0.00180  0.00737  0.67022
   0.00127  0.00605  0.73159
   0.00084  0.00479  0.79274
   0.00050  0.00357  0.85246
   0.00025  0.00239  0.90333
   0.00008  0.00126  0.94824
   0.00000  0.00016  0.98075
   0.00005 -0.00093  0.99993
   0.00026 -0.00202  0.99160
   0.00070 -0.00309  0.95520
   0.00131 -0.00414  0.90748
   0.00206 -0.00518  0.85643
   0.00292 -0.00621  0.80423
   0.00391 -0.00725  0.75362
   0.00501 -0.00831  0.70745
   0.00623 -0.00939  0.65112
   0.00759 -0.01050  0.60244
   0.00911 -0.01165  0.55047
   0.01079 -0.01283  0.50456
   0.01267 -0.01406  0.45357
   0.01477 -0.01533  0.41626
   0.01711 -0.01667  0.36993
   0.01973 -0.01807  0.33158
   0.02267 -0.01956  0.28723
   0.02598 -0.02114  0.24068
   0.02972 -0.02281  0.20000
   0.03393 -0.02457  0.15685
   0.03867 -0.02642  0.11982
   0.04399 -0.02837  0.07307
   0.04990 -0.03037  0.03995
   0.05636 -0.03241  0.00270
   0.06334 -0.03446 -0.03405
   0.07076 -0.03647 -0.06429
   0.07856 -0.03843 -0.09590
   0.08664 -0.04030 -0.12268
   0.09498 -0.04207 -0.14482
   0.10350 -0.04374 -0.16790
   0.11218 -0.04529 -0.18569
   0.12099 -0.04672 -0.19970
   0.12991 -0.04804 -0.21224
   0.13892 -0.04925 -0.22370
   0.14801 -0.05035 -0.23334
   0.15717 -0.05134 -0.24032
   0.16640 -0.05222 -0.24378
   0.17569 -0.05300 -0.24582
   0.18505 -0.05369 -0.24780
   0.19447 -0.05429 -0.24796
   0.20395 -0.05480 -0.24629
   0.21349 -0.05523 -0.24329
   0.22308 -0.05559 -0.24071
   0.23273 -0.05588 -0.23820
   0.24241 -0.05610 -0.23519
   0.25213 -0.05625 -0.22899
   0.26188 -0.05635 -0.22576
   0.27166 -0.05639 -0.22093
   0.28147 -0.05638 -0.21643
   0.29130 -0.05632 -0.21227
   0.30116 -0.05621 -0.20764
   0.31104 -0.05605 -0.20167
   0.32094 -0.05585 -0.19663
   0.33086 -0.05561 -0.19152
   0.34080 -0.05533 -0.18575
   0.35076 -0.05502 -0.18112
   0.36074 -0.05467 -0.17541
   0.37074 -0.05429 -0.16977
   0.38074 -0.05389 -0.16589
   0.39077 -0.05345 -0.16010
   0.40080 -0.05299 -0.15542
   0.41084 -0.05250 -0.15010
   0.42090 -0.05199 -0.14534
   0.43097 -0.05146 -0.14073
   0.44105 -0.05091 -0.13633
   0.45114 -0.05034 -0.13197
   0.46123 -0.04975 -0.12751
   0.47134 -0.04914 -0.12292
   0.48145 -0.04852 -0.11895
   0.49156 -0.04789 -0.11565
   0.50167 -0.04724 -0.11194
   0.51178 -0.04657 -0.10760
   0.52190 -0.04590 -0.10542
   0.53201 -0.04520 -0.10072
   0.54211 -0.04450 -0.09827
   0.55222 -0.04378 -0.09503
   0.56233 -0.04304 -0.09110
   0.57244 -0.04229 -0.08778
   0.58255 -0.04153 -0.08455
   0.59266 -0.04076 -0.08183
   0.60278 -0.03997 -0.07852
   0.61290 -0.03916 -0.07457
   0.62302 -0.03835 -0.07167
   0.63315 -0.03753 -0.06925
   0.64328 -0.03669 -0.06601
   0.65341 -0.03584 -0.06324
   0.66354 -0.03498 -0.06080
   0.67367 -0.03411 -0.05859
   0.68380 -0.03324 -0.05846
   0.69393 -0.03235 -0.05909
   0.70407 -0.03145 -0.04566
   0.71420 -0.03054 -0.02863
   0.72433 -0.02963 -0.01877
   0.73446 -0.02870 -0.01214
   0.74460 -0.02776 -0.00806
   0.75473 -0.02682 -0.00679
   0.76486 -0.02587 -0.00608
   0.77499 -0.02490 -0.00082
   0.78512 -0.02393  0.00065
   0.79525 -0.02295  0.00356
   0.80538 -0.02196  0.00806
   0.81550 -0.02097  0.00944
   0.82562 -0.01996  0.01390
   0.83574 -0.01894  0.01912
   0.84585 -0.01792  0.02138
   0.85596 -0.01688  0.02797
   0.86606 -0.01584  0.03039
   0.87615 -0.01478  0.03684
   0.88623 -0.01371  0.04311
   0.89629 -0.01264  0.04719
   0.90632 -0.01155  0.05381
   0.91630 -0.01045  0.06100
   0.92621 -0.00934  0.06820
   0.93602 -0.00822  0.07586
   0.94567 -0.00708  0.08713
   0.95513 -0.00592  0.10166
   0.96431 -0.00475  0.11953
   0.97311 -0.00357  0.14684
   0.98142 -0.00244  0.17714
   0.98906 -0.00140  0.21076
   1.00000  0.00000  0.29388
