MH61                                            
 Alfa =   8.00000 Re =   958421.000 Xflap,Yflap =     0.000000    0.000000
#    x        y        Cp  
   1.00000  0.00000  0.12949
   0.99624 -0.00023  0.12806
   0.98929 -0.00051  0.12970
   0.98156 -0.00063  0.12913
   0.97340 -0.00056  0.12704
   0.96502 -0.00034  0.12365
   0.95655  0.00000  0.11944
   0.94800  0.00043  0.11460
   0.93942  0.00095  0.10944
   0.93082  0.00154  0.10364
   0.92221  0.00220  0.09753
   0.91359  0.00291  0.09113
   0.90497  0.00369  0.08399
   0.89633  0.00453  0.07672
   0.88769  0.00542  0.06873
   0.87904  0.00635  0.06046
   0.87039  0.00733  0.05204
   0.86172  0.00836  0.04266
   0.85306  0.00942  0.03327
   0.84438  0.01051  0.02347
   0.83570  0.01163  0.01290
   0.82702  0.01278  0.00268
   0.81833  0.01397 -0.00880
   0.80963  0.01516 -0.01994
   0.80094  0.01639 -0.03193
   0.79224  0.01762 -0.04386
   0.78353  0.01887 -0.05621
   0.77482  0.02015 -0.06960
   0.76611  0.02143 -0.08286
   0.75740  0.02273 -0.09629
   0.74867  0.02403 -0.11036
   0.73995  0.02534 -0.12521
   0.73122  0.02666 -0.13945
   0.72248  0.02798 -0.15485
   0.71374  0.02930 -0.17064
   0.70501  0.03063 -0.18667
   0.69628  0.03194 -0.20286
   0.68756  0.03324 -0.21888
   0.67884  0.03455 -0.23642
   0.67014  0.03583 -0.25287
   0.66143  0.03710 -0.27056
   0.65274  0.03836 -0.28752
   0.64404  0.03959 -0.30461
   0.63534  0.04081 -0.32204
   0.62665  0.04200 -0.33894
   0.61796  0.04318 -0.35639
   0.60927  0.04433 -0.37318
   0.60058  0.04545 -0.39096
   0.59189  0.04655 -0.40711
   0.58319  0.04763 -0.42545
   0.57450  0.04867 -0.44086
   0.56581  0.04969 -0.45826
   0.55711  0.05068 -0.47487
   0.54841  0.05164 -0.49146
   0.53971  0.05257 -0.50779
   0.53101  0.05347 -0.52468
   0.52231  0.05433 -0.54016
   0.51361  0.05517 -0.55738
   0.50491  0.05598 -0.57381
   0.49620  0.05674 -0.58794
   0.48749  0.05749 -0.60538
   0.47878  0.05819 -0.62200
   0.47007  0.05886 -0.63548
   0.46136  0.05951 -0.65420
   0.45264  0.06010 -0.66805
   0.44393  0.06067 -0.68346
   0.43521  0.06121 -0.70077
   0.42649  0.06171 -0.71713
   0.41778  0.06217 -0.73217
   0.40906  0.06260 -0.75064
   0.40034  0.06298 -0.76391
   0.39162  0.06334 -0.78113
   0.38290  0.06365 -0.79734
   0.37418  0.06393 -0.81344
   0.36547  0.06417 -0.83274
   0.35675  0.06437 -0.84903
   0.34804  0.06452 -0.86551
   0.33932  0.06464 -0.88462
   0.33061  0.06471 -0.90120
   0.32190  0.06474 -0.91825
   0.31320  0.06473 -0.93867
   0.30450  0.06467 -0.95617
   0.29581  0.06457 -0.97790
   0.28712  0.06442 -0.99461
   0.27843  0.06422 -1.01833
   0.26976  0.06396 -1.03572
   0.26109  0.06366 -1.05721
   0.25242  0.06331 -1.07935
   0.24377  0.06290 -1.10107
   0.23513  0.06243 -1.12348
   0.22649  0.06190 -1.14570
   0.21787  0.06131 -1.16998
   0.20926  0.06065 -1.19403
   0.20067  0.05993 -1.21435
   0.19209  0.05914 -1.24469
   0.18352  0.05828 -1.26615
   0.17498  0.05735 -1.29463
   0.16646  0.05634 -1.32035
   0.15795  0.05525 -1.35119
   0.14947  0.05408 -1.37490
   0.14101  0.05282 -1.40766
   0.13258  0.05148 -1.44042
   0.12418  0.05004 -1.47159
   0.11582  0.04850 -1.50240
   0.10749  0.04687 -1.54776
   0.09922  0.04514 -1.59049
   0.09100  0.04329 -1.63263
   0.08285  0.04132 -1.68105
   0.07477  0.03923 -1.74386
   0.06679  0.03700 -1.80772
   0.05893  0.03463 -1.87938
   0.05121  0.03210 -1.95547
   0.04367  0.02940 -2.05204
   0.03636  0.02653 -2.16372
   0.02937  0.02348 -2.29707
   0.02285  0.02030 -2.45398
   0.01700  0.01705 -2.64701
   0.01215  0.01396 -2.85002
   0.00844  0.01121 -3.12224
   0.00576  0.00889 -3.78558
   0.00386  0.00698 -4.40457
   0.00251  0.00537 -4.54807
   0.00154  0.00401 -4.70865
   0.00085  0.00280 -4.94091
   0.00037  0.00172 -5.30405
   0.00008  0.00074 -5.92626
   0.00000 -0.00018 -6.58124
   0.00023 -0.00107 -4.74765
   0.00080 -0.00195 -2.05085
   0.00162 -0.00286 -0.83257
   0.00271 -0.00383 -0.04660
   0.00415 -0.00492  0.41432
   0.00607 -0.00617  0.71856
   0.00871 -0.00767  0.89937
   0.01237 -0.00947  0.98458
   0.01730 -0.01151  0.99885
   0.02349 -0.01369  0.96598
   0.03055 -0.01587  0.91218
   0.03809 -0.01790  0.85198
   0.04593 -0.01978  0.79563
   0.05394 -0.02149  0.74174
   0.06209 -0.02306  0.69469
   0.07033 -0.02449  0.64934
   0.07865 -0.02579  0.61174
   0.08702 -0.02699  0.57520
   0.09545 -0.02808  0.54469
   0.10392 -0.02908  0.51375
   0.11242 -0.02998  0.48756
   0.12096 -0.03080  0.46389
   0.12953 -0.03155  0.44146
   0.13812 -0.03221  0.42219
   0.14673 -0.03282  0.40388
   0.15536 -0.03336  0.38747
   0.16401 -0.03385  0.37127
   0.17267 -0.03428  0.35712
   0.18134 -0.03466  0.34335
   0.19003 -0.03499  0.33125
   0.19873 -0.03527  0.32120
   0.20743 -0.03552  0.30971
   0.21615 -0.03571  0.30063
   0.22487 -0.03587  0.29133
   0.23360 -0.03600  0.28228
   0.24234 -0.03608  0.27468
   0.25108 -0.03613  0.26796
   0.25983 -0.03615  0.26149
   0.26858 -0.03615  0.25452
   0.27734 -0.03611  0.24931
   0.28610 -0.03605  0.24313
   0.29487 -0.03597  0.23813
   0.30364 -0.03586  0.23267
   0.31242 -0.03572  0.22856
   0.32120 -0.03556  0.22469
   0.32998 -0.03539  0.22045
   0.33876 -0.03519  0.21766
   0.34755 -0.03499  0.21263
   0.35634 -0.03475  0.20983
   0.36513 -0.03451  0.20677
   0.37393 -0.03425  0.20368
   0.38273 -0.03398  0.20008
   0.39153 -0.03368  0.19849
   0.40033 -0.03339  0.19460
   0.40913 -0.03308  0.19286
   0.41794 -0.03275  0.18949
   0.42675 -0.03241  0.18873
   0.43556 -0.03207  0.18560
   0.44437 -0.03171  0.18459
   0.45318 -0.03136  0.18131
   0.46199 -0.03099  0.17934
   0.47081 -0.03062  0.17652
   0.47962 -0.03022  0.17632
   0.48844 -0.02984  0.17293
   0.49726 -0.02944  0.17205
   0.50608 -0.02904  0.16970
   0.51490 -0.02863  0.16864
   0.52372 -0.02821  0.16683
   0.53254 -0.02780  0.16424
   0.54136 -0.02738  0.16232
   0.55018 -0.02695  0.16206
   0.55901 -0.02652  0.15934
   0.56783 -0.02609  0.15809
   0.57665 -0.02565  0.15631
   0.58548 -0.02521  0.15496
   0.59430 -0.02476  0.15317
   0.60313 -0.02432  0.15083
   0.61195 -0.02387  0.14984
   0.62078 -0.02342  0.14739
   0.62960 -0.02296  0.14683
   0.63843 -0.02251  0.14450
   0.64726 -0.02205  0.14309
   0.65608 -0.02159  0.14150
   0.66491 -0.02112  0.14045
   0.67374 -0.02066  0.13785
   0.68256 -0.02019  0.13717
   0.69139 -0.01972  0.13483
   0.70021 -0.01925  0.13392
   0.70904 -0.01878  0.13130
   0.71787 -0.01830  0.13050
   0.72669 -0.01782  0.12919
   0.73552 -0.01734  0.12694
   0.74435 -0.01686  0.12589
   0.75317 -0.01638  0.12394
   0.76200 -0.01590  0.12170
   0.77082 -0.01541  0.12046
   0.77965 -0.01492  0.11915
   0.78847 -0.01443  0.11680
   0.79729 -0.01393  0.11571
   0.80612 -0.01344  0.11383
   0.81494 -0.01294  0.11214
   0.82377 -0.01244  0.11048
   0.83259 -0.01194  0.10839
   0.84142 -0.01143  0.10770
   0.85024 -0.01093  0.10433
   0.85906 -0.01041  0.10408
   0.86787 -0.00990  0.10109
   0.87669 -0.00938  0.09959
   0.88550 -0.00886  0.09655
   0.89432 -0.00833  0.09636
   0.90312 -0.00780  0.09278
   0.91193 -0.00725  0.09251
   0.92072 -0.00670  0.08989
   0.92950 -0.00614  0.08856
   0.93827 -0.00557  0.08776
   0.94703 -0.00498  0.08581
   0.95576 -0.00436  0.08629
   0.96441 -0.00371  0.08876
   0.97295 -0.00303  0.09333
   0.98127 -0.00226  0.10413
   0.98913 -0.00140  0.11942
   0.99622 -0.00051  0.12788
   1.00000  0.00000  0.12949
