MH61                                            
 Alfa =   2.00000 Re =   958421.000 Xflap,Yflap =     0.000000    0.000000
#    x        y        Cp  
   1.00000  0.00000  0.08604
   0.99624 -0.00023  0.09068
   0.98929 -0.00051  0.12741
   0.98156 -0.00063  0.14600
   0.97340 -0.00056  0.15433
   0.96502 -0.00034  0.15759
   0.95655  0.00000  0.15667
   0.94800  0.00043  0.15491
   0.93942  0.00095  0.15177
   0.93082  0.00154  0.14783
   0.92221  0.00220  0.14338
   0.91359  0.00291  0.13856
   0.90497  0.00369  0.13166
   0.89633  0.00453  0.12560
   0.88769  0.00542  0.11770
   0.87904  0.00635  0.11021
   0.87039  0.00733  0.10240
   0.86172  0.00836  0.09263
   0.85306  0.00942  0.08379
   0.84438  0.01051  0.07511
   0.83570  0.01163  0.06450
   0.82702  0.01278  0.05614
   0.81833  0.01397  0.04429
   0.80963  0.01516  0.03515
   0.80094  0.01639  0.02372
   0.79224  0.01762  0.01390
   0.78353  0.01887  0.00358
   0.77482  0.02015 -0.00861
   0.76611  0.02143 -0.01950
   0.75740  0.02273 -0.03075
   0.74867  0.02403 -0.04201
   0.73995  0.02534 -0.05476
   0.73122  0.02666 -0.06573
   0.72248  0.02798 -0.07807
   0.71374  0.02930 -0.09055
   0.70501  0.03063 -0.10355
   0.69628  0.03194 -0.11584
   0.68756  0.03324 -0.12693
   0.67884  0.03455 -0.14103
   0.67014  0.03583 -0.15253
   0.66143  0.03710 -0.16503
   0.65274  0.03836 -0.17642
   0.64404  0.03959 -0.18725
   0.63534  0.04081 -0.19742
   0.62665  0.04200 -0.20737
   0.61796  0.04318 -0.21774
   0.60927  0.04433 -0.22641
   0.60058  0.04545 -0.23859
   0.59189  0.04655 -0.25324
   0.58319  0.04763 -0.27964
   0.57450  0.04867 -0.31576
   0.56581  0.04969 -0.35835
   0.55711  0.05068 -0.37116
   0.54841  0.05164 -0.37551
   0.53971  0.05257 -0.38052
   0.53101  0.05347 -0.38589
   0.52231  0.05433 -0.39140
   0.51361  0.05517 -0.39739
   0.50491  0.05598 -0.40353
   0.49620  0.05674 -0.40969
   0.48749  0.05749 -0.41643
   0.47878  0.05819 -0.42330
   0.47007  0.05886 -0.42995
   0.46136  0.05951 -0.43760
   0.45264  0.06010 -0.44454
   0.44393  0.06067 -0.45171
   0.43521  0.06121 -0.45957
   0.42649  0.06171 -0.46718
   0.41778  0.06217 -0.47441
   0.40906  0.06260 -0.48253
   0.40034  0.06298 -0.48921
   0.39162  0.06334 -0.49693
   0.38290  0.06365 -0.50433
   0.37418  0.06393 -0.51164
   0.36547  0.06417 -0.52025
   0.35675  0.06437 -0.52704
   0.34804  0.06452 -0.53437
   0.33932  0.06464 -0.54240
   0.33061  0.06471 -0.54873
   0.32190  0.06474 -0.55592
   0.31320  0.06473 -0.56410
   0.30450  0.06467 -0.57028
   0.29581  0.06457 -0.57935
   0.28712  0.06442 -0.58469
   0.27843  0.06422 -0.59371
   0.26976  0.06396 -0.59897
   0.26109  0.06366 -0.60577
   0.25242  0.06331 -0.61376
   0.24377  0.06290 -0.61926
   0.23513  0.06243 -0.62593
   0.22649  0.06190 -0.63175
   0.21787  0.06131 -0.63869
   0.20926  0.06065 -0.64319
   0.20067  0.05993 -0.64678
   0.19209  0.05914 -0.65289
   0.18352  0.05828 -0.65654
   0.17498  0.05735 -0.66009
   0.16646  0.05634 -0.66301
   0.15795  0.05525 -0.66621
   0.14947  0.05408 -0.66536
   0.14101  0.05282 -0.66722
   0.13258  0.05148 -0.66842
   0.12418  0.05004 -0.66686
   0.11582  0.04850 -0.66315
   0.10749  0.04687 -0.66373
   0.09922  0.04514 -0.66252
   0.09100  0.04329 -0.65614
   0.08285  0.04132 -0.65091
   0.07477  0.03923 -0.64693
   0.06679  0.03700 -0.63979
   0.05893  0.03463 -0.62839
   0.05121  0.03210 -0.61009
   0.04367  0.02940 -0.59263
   0.03636  0.02653 -0.56509
   0.02937  0.02348 -0.53069
   0.02285  0.02030 -0.48249
   0.01700  0.01705 -0.41639
   0.01215  0.01396 -0.33699
   0.00844  0.01121 -0.23789
   0.00576  0.00889 -0.12156
   0.00386  0.00698 -0.01228
   0.00251  0.00537  0.11862
   0.00154  0.00401  0.22825
   0.00085  0.00280  0.37280
   0.00037  0.00172  0.51098
   0.00008  0.00074  0.63493
   0.00000 -0.00018  0.82801
   0.00023 -0.00107  0.97694
   0.00080 -0.00195  0.99364
   0.00162 -0.00286  0.94252
   0.00271 -0.00383  0.87212
   0.00415 -0.00492  0.78685
   0.00607 -0.00617  0.69446
   0.00871 -0.00767  0.59158
   0.01237 -0.00947  0.48224
   0.01730 -0.01151  0.38758
   0.02349 -0.01369  0.30531
   0.03055 -0.01587  0.23208
   0.03809 -0.01790  0.17321
   0.04593 -0.01978  0.12964
   0.05394 -0.02149  0.08975
   0.06209 -0.02306  0.06031
   0.07033 -0.02449  0.03175
   0.07865 -0.02579  0.01389
   0.08702 -0.02699 -0.00554
   0.09545 -0.02808 -0.01888
   0.10392 -0.02908 -0.03407
   0.11242 -0.02998 -0.04389
   0.12096 -0.03080 -0.05280
   0.12953 -0.03155 -0.06087
   0.13812 -0.03221 -0.06449
   0.14673 -0.03282 -0.07159
   0.15536 -0.03336 -0.07363
   0.16401 -0.03385 -0.07858
   0.17267 -0.03428 -0.08100
   0.18134 -0.03466 -0.08301
   0.19003 -0.03499 -0.08432
   0.19873 -0.03527 -0.08468
   0.20743 -0.03552 -0.08691
   0.21615 -0.03571 -0.08592
   0.22487 -0.03587 -0.08525
   0.23360 -0.03600 -0.08522
   0.24234 -0.03608 -0.08550
   0.25108 -0.03613 -0.08333
   0.25983 -0.03615 -0.08150
   0.26858 -0.03615 -0.08140
   0.27734 -0.03611 -0.07913
   0.28610 -0.03605 -0.07768
   0.29487 -0.03597 -0.07558
   0.30364 -0.03586 -0.07478
   0.31242 -0.03572 -0.07188
   0.32120 -0.03556 -0.06928
   0.32998 -0.03539 -0.06770
   0.33876 -0.03519 -0.06477
   0.34755 -0.03499 -0.06367
   0.35634 -0.03475 -0.06028
   0.36513 -0.03451 -0.05810
   0.37393 -0.03425 -0.05602
   0.38273 -0.03398 -0.05408
   0.39153 -0.03368 -0.05093
   0.40033 -0.03339 -0.04946
   0.40913 -0.03308 -0.04640
   0.41794 -0.03275 -0.04493
   0.42675 -0.03241 -0.04131
   0.43556 -0.03207 -0.03952
   0.44437 -0.03171 -0.03661
   0.45318 -0.03136 -0.03552
   0.46199 -0.03099 -0.03273
   0.47081 -0.03062 -0.03147
   0.47962 -0.03022 -0.02804
   0.48844 -0.02984 -0.02703
   0.49726 -0.02944 -0.02414
   0.50608 -0.02904 -0.02265
   0.51490 -0.02863 -0.01999
   0.52372 -0.02821 -0.01803
   0.53254 -0.02780 -0.01671
   0.54136 -0.02738 -0.01492
   0.55018 -0.02695 -0.01232
   0.55901 -0.02652 -0.01080
   0.56783 -0.02609 -0.00904
   0.57665 -0.02565 -0.00712
   0.58548 -0.02521 -0.00519
   0.59430 -0.02476 -0.00369
   0.60313 -0.02432 -0.00243
   0.61195 -0.02387 -0.00038
   0.62078 -0.02342  0.00080
   0.62960 -0.02296  0.00313
   0.63843 -0.02251  0.00417
   0.64726 -0.02205  0.00591
   0.65608 -0.02159  0.00739
   0.66491 -0.02112  0.00950
   0.67374 -0.02066  0.01039
   0.68256 -0.02019  0.01251
   0.69139 -0.01972  0.01375
   0.70021 -0.01925  0.01551
   0.70904 -0.01878  0.01659
   0.71787 -0.01830  0.01855
   0.72669 -0.01782  0.02026
   0.73552 -0.01734  0.02172
   0.74435 -0.01686  0.02342
   0.75317 -0.01638  0.02494
   0.76200 -0.01590  0.02620
   0.77082 -0.01541  0.02817
   0.77965 -0.01492  0.02992
   0.78847 -0.01443  0.03151
   0.79729 -0.01393  0.03372
   0.80612 -0.01344  0.03523
   0.81494 -0.01294  0.03735
   0.82377 -0.01244  0.03939
   0.83259 -0.01194  0.04129
   0.84142 -0.01143  0.04391
   0.85024 -0.01093  0.04562
   0.85906 -0.01041  0.04869
   0.86787 -0.00990  0.05089
   0.87669 -0.00938  0.05373
   0.88550 -0.00886  0.05651
   0.89432 -0.00833  0.05985
   0.90312 -0.00780  0.06291
   0.91193 -0.00725  0.06671
   0.92072 -0.00670  0.07020
   0.92950 -0.00614  0.07379
   0.93827 -0.00557  0.07727
   0.94703 -0.00498  0.08030
   0.95576 -0.00436  0.08289
   0.96441 -0.00371  0.08498
   0.97295 -0.00303  0.08670
   0.98127 -0.00226  0.08770
   0.98913 -0.00140  0.08777
   0.99622 -0.00051  0.08710
   1.00000  0.00000  0.08604
