MH61                                            
 Alfa =   0.00000 Re =   958636.000 Xflap,Yflap =     0.000000    0.000000
#    x        y        Cp  
   1.00000  0.00000  0.18052
   0.99624 -0.00023  0.19150
   0.98929 -0.00051  0.21094
   0.98156 -0.00063  0.22041
   0.97340 -0.00056  0.22229
   0.96502 -0.00034  0.22136
   0.95655  0.00000  0.21694
   0.94800  0.00043  0.21311
   0.93942  0.00095  0.20780
   0.93082  0.00154  0.20287
   0.92221  0.00220  0.19754
   0.91359  0.00291  0.19195
   0.90497  0.00369  0.18471
   0.89633  0.00453  0.17838
   0.88769  0.00542  0.17055
   0.87904  0.00635  0.16336
   0.87039  0.00733  0.15544
   0.86172  0.00836  0.14613
   0.85306  0.00942  0.13761
   0.84438  0.01051  0.12966
   0.83570  0.01163  0.11980
   0.82702  0.01278  0.11220
   0.81833  0.01397  0.10108
   0.80963  0.01516  0.09303
   0.80094  0.01639  0.08252
   0.79224  0.01762  0.07397
   0.78353  0.01887  0.06489
   0.77482  0.02015  0.05433
   0.76611  0.02143  0.04510
   0.75740  0.02273  0.03525
   0.74867  0.02403  0.02628
   0.73995  0.02534  0.01566
   0.73122  0.02666  0.00679
   0.72248  0.02798 -0.00253
   0.71374  0.02930 -0.01190
   0.70501  0.03063 -0.02144
   0.69628  0.03194 -0.02975
   0.68756  0.03324 -0.03770
   0.67884  0.03455 -0.04900
   0.67014  0.03583 -0.06361
   0.66143  0.03710 -0.08982
   0.65274  0.03836 -0.13284
   0.64404  0.03959 -0.18736
   0.63534  0.04081 -0.19574
   0.62665  0.04200 -0.19985
   0.61796  0.04318 -0.20406
   0.60927  0.04433 -0.20836
   0.60058  0.04545 -0.21281
   0.59189  0.04655 -0.21742
   0.58319  0.04763 -0.22228
   0.57450  0.04867 -0.22731
   0.56581  0.04969 -0.23272
   0.55711  0.05068 -0.23840
   0.54841  0.05164 -0.24440
   0.53971  0.05257 -0.25065
   0.53101  0.05347 -0.25723
   0.52231  0.05433 -0.26353
   0.51361  0.05517 -0.27060
   0.50491  0.05598 -0.27743
   0.49620  0.05674 -0.28350
   0.48749  0.05749 -0.29067
   0.47878  0.05819 -0.29721
   0.47007  0.05886 -0.30295
   0.46136  0.05951 -0.31030
   0.45264  0.06010 -0.31564
   0.44393  0.06067 -0.32146
   0.43521  0.06121 -0.32789
   0.42649  0.06171 -0.33373
   0.41778  0.06217 -0.33866
   0.40906  0.06260 -0.34503
   0.40034  0.06298 -0.34886
   0.39162  0.06334 -0.35435
   0.38290  0.06365 -0.35921
   0.37418  0.06393 -0.36338
   0.36547  0.06417 -0.36955
   0.35675  0.06437 -0.37326
   0.34804  0.06452 -0.37755
   0.33932  0.06464 -0.38211
   0.33061  0.06471 -0.38540
   0.32190  0.06474 -0.38890
   0.31320  0.06473 -0.39344
   0.30450  0.06467 -0.39649
   0.29581  0.06457 -0.40098
   0.28712  0.06442 -0.40257
   0.27843  0.06422 -0.40698
   0.26976  0.06396 -0.40836
   0.26109  0.06366 -0.41060
   0.25242  0.06331 -0.41371
   0.24377  0.06290 -0.41513
   0.23513  0.06243 -0.41558
   0.22649  0.06190 -0.41674
   0.21787  0.06131 -0.41749
   0.20926  0.06065 -0.41679
   0.20067  0.05993 -0.41390
   0.19209  0.05914 -0.41412
   0.18352  0.05828 -0.41056
   0.17498  0.05735 -0.40799
   0.16646  0.05634 -0.40280
   0.15795  0.05525 -0.39809
   0.14947  0.05408 -0.38985
   0.14101  0.05282 -0.38277
   0.13258  0.05148 -0.37487
   0.12418  0.05004 -0.36243
   0.11582  0.04850 -0.34914
   0.10749  0.04687 -0.33822
   0.09922  0.04514 -0.32294
   0.09100  0.04329 -0.30362
   0.08285  0.04132 -0.28259
   0.07477  0.03923 -0.26195
   0.06679  0.03700 -0.23498
   0.05893  0.03463 -0.20270
   0.05121  0.03210 -0.16019
   0.04367  0.02940 -0.11504
   0.03636  0.02653 -0.05735
   0.02937  0.02348  0.01506
   0.02285  0.02030  0.10327
   0.01700  0.01705  0.21291
   0.01215  0.01396  0.34115
   0.00844  0.01121  0.47666
   0.00576  0.00889  0.61307
   0.00386  0.00698  0.73343
   0.00251  0.00537  0.84431
   0.00154  0.00401  0.92639
   0.00085  0.00280  0.98546
   0.00037  0.00172  0.99821
   0.00008  0.00074  0.93280
   0.00000 -0.00018  0.69539
   0.00023 -0.00107  0.37882
   0.00080 -0.00195  0.27078
   0.00162 -0.00286  0.19494
   0.00271 -0.00383  0.12226
   0.00415 -0.00492  0.06175
   0.00607 -0.00617 -0.00106
   0.00871 -0.00767 -0.06593
   0.01237 -0.00947 -0.13513
   0.01730 -0.01151 -0.17867
   0.02349 -0.01369 -0.20647
   0.03055 -0.01587 -0.23755
   0.03809 -0.01790 -0.26163
   0.04593 -0.01978 -0.27598
   0.05394 -0.02149 -0.28989
   0.06209 -0.02306 -0.29875
   0.07033 -0.02449 -0.30628
   0.07865 -0.02579 -0.30934
   0.08702 -0.02699 -0.31350
   0.09545 -0.02808 -0.31406
   0.10392 -0.02908 -0.31620
   0.11242 -0.02998 -0.31511
   0.12096 -0.03080 -0.31381
   0.12953 -0.03155 -0.31287
   0.13812 -0.03221 -0.30815
   0.14673 -0.03282 -0.30624
   0.15536 -0.03336 -0.30107
   0.16401 -0.03385 -0.29844
   0.17267 -0.03428 -0.29438
   0.18134 -0.03466 -0.29098
   0.19003 -0.03499 -0.28537
   0.19873 -0.03527 -0.28063
   0.20743 -0.03552 -0.27718
   0.21615 -0.03571 -0.27166
   0.22487 -0.03587 -0.26607
   0.23360 -0.03600 -0.26220
   0.24234 -0.03608 -0.25703
   0.25108 -0.03613 -0.25141
   0.25983 -0.03615 -0.24545
   0.26858 -0.03615 -0.24168
   0.27734 -0.03611 -0.23562
   0.28610 -0.03605 -0.23090
   0.29487 -0.03597 -0.22550
   0.30364 -0.03586 -0.22107
   0.31242 -0.03572 -0.21547
   0.32120 -0.03556 -0.21019
   0.32998 -0.03539 -0.20535
   0.33876 -0.03519 -0.19991
   0.34755 -0.03499 -0.19596
   0.35634 -0.03475 -0.19030
   0.36513 -0.03451 -0.18554
   0.37393 -0.03425 -0.18140
   0.38273 -0.03398 -0.17696
   0.39153 -0.03368 -0.17158
   0.40033 -0.03339 -0.16794
   0.40913 -0.03308 -0.16317
   0.41794 -0.03275 -0.15931
   0.42675 -0.03241 -0.15415
   0.43556 -0.03207 -0.15031
   0.44437 -0.03171 -0.14597
   0.45318 -0.03136 -0.14270
   0.46199 -0.03099 -0.13833
   0.47081 -0.03062 -0.13524
   0.47962 -0.03022 -0.13056
   0.48844 -0.02984 -0.12772
   0.49726 -0.02944 -0.12372
   0.50608 -0.02904 -0.12040
   0.51490 -0.02863 -0.11665
   0.52372 -0.02821 -0.11341
   0.53254 -0.02780 -0.11051
   0.54136 -0.02738 -0.10742
   0.55018 -0.02695 -0.10390
   0.55901 -0.02652 -0.10097
   0.56783 -0.02609 -0.09808
   0.57665 -0.02565 -0.09502
   0.58548 -0.02521 -0.09209
   0.59430 -0.02476 -0.08948
   0.60313 -0.02432 -0.08712
   0.61195 -0.02387 -0.08428
   0.62078 -0.02342 -0.08191
   0.62960 -0.02296 -0.07894
   0.63843 -0.02251 -0.07694
   0.64726 -0.02205 -0.07440
   0.65608 -0.02159 -0.07222
   0.66491 -0.02112 -0.06951
   0.67374 -0.02066 -0.06776
   0.68256 -0.02019 -0.06525
   0.69139 -0.01972 -0.06337
   0.70021 -0.01925 -0.06122
   0.70904 -0.01878 -0.05963
   0.71787 -0.01830 -0.05747
   0.72669 -0.01782 -0.05568
   0.73552 -0.01734 -0.05402
   0.74435 -0.01686 -0.05246
   0.75317 -0.01638 -0.05122
   0.76200 -0.01590 -0.05041
   0.77082 -0.01541 -0.04931
   0.77965 -0.01492 -0.04893
   0.78847 -0.01443 -0.04943
   0.79729 -0.01393 -0.04641
   0.80612 -0.01344 -0.03984
   0.81494 -0.01294 -0.03067
   0.82377 -0.01244 -0.02159
   0.83259 -0.01194 -0.01443
   0.84142 -0.01143 -0.00737
   0.85024 -0.01093 -0.00536
   0.85906 -0.01041 -0.00025
   0.86787 -0.00990 -0.00003
   0.87669 -0.00938  0.00185
   0.88550 -0.00886  0.00282
   0.89432 -0.00833  0.00433
   0.90312 -0.00780  0.00437
   0.91193 -0.00725  0.00758
   0.92072 -0.00670  0.00849
   0.92950 -0.00614  0.00987
   0.93827 -0.00557  0.01308
   0.94703 -0.00498  0.01410
   0.95576 -0.00436  0.01745
   0.96441 -0.00371  0.02415
   0.97295 -0.00303  0.02953
   0.98127 -0.00226  0.04684
   0.98913 -0.00140  0.08288
   0.99622 -0.00051  0.13532
   1.00000  0.00000  0.18052
