(title "Skin Friction Coefficient")
(labels "Position" "Skin Friction Coefficient")

((xy/key/label "lower")
0.00242723	0.0405527
0.00257862	0.0377391
0.00304832	0.0214283
0.00366057	0.0108066
0.00434282	0.00557676
0.00506987	0.00227364
0.00582661	0.00061092
0.00660751	0.000934135
0.00740858	0.00199806
0.00822573	0.00269284
0.00905549	0.00324875
0.00989593	0.00366795
0.0107456	0.00401997
0.0116034	0.0043143
0.0124686	0.00455892
0.013341	0.0047517
0.0142203	0.00489174
0.0151063	0.00498038
0.0159985	0.00502822
0.0168963	0.00504809
0.017799	0.00504786
0.0187061	0.00503471
0.0196171	0.00501647
0.0205316	0.00499659
0.0214491	0.00497225
0.0223695	0.00494295
0.0232925	0.00491197
0.0242178	0.00488271
0.0251452	0.00485998
0.0260745	0.00484643
0.0270055	0.00483868
0.0279381	0.00483039
0.0288724	0.00481774
0.0298085	0.00479974
0.0307461	0.00477577
0.0316855	0.00474502
0.0326264	0.00470695
0.0335691	0.00466196
0.0345132	0.00461245
0.0354589	0.00456226
0.0364059	0.00451394
0.0373542	0.00446863
0.0383036	0.00442731
0.0392542	0.00439125
0.0402057	0.00436185
0.0411582	0.00433936
0.0421115	0.00432141
0.0430657	0.00430406
0.0440208	0.00428494
0.0449767	0.00426349
0.0459336	0.00423941
0.0468913	0.00421225
0.0478499	0.00418145
0.0488093	0.00414677
0.0497696	0.00410923
0.0507307	0.00407099
0.0516926	0.00403361
0.0526552	0.00399782
0.0536186	0.00396423
0.0545826	0.00393301
0.0555472	0.00390439
0.0565124	0.00387897
0.0574782	0.00385667
0.0584445	0.00383634
0.0594114	0.0038167
0.0603788	0.00379712
0.0613468	0.0037774
0.0623152	0.00375748
0.0632842	0.00373738
0.0642536	0.00371715
0.0652236	0.00369678
0.0661941	0.00367613
0.067165	0.00365493
0.0681364	0.0036329
0.0691083	0.00360975
0.0700807	0.00358526
0.0710536	0.00355921
0.0720269	0.00353126
0.0730007	0.00350102
0.073975	0.00346859
0.0749497	0.00343525
0.0759249	0.00340278
0.0769004	0.00337241
0.0778763	0.00334484
0.0788525	0.00332061
0.0798291	0.00330031
0.0808059	0.00328462
0.081783	0.00327417
0.0827604	0.00326851
0.0837379	0.00326538
0.0847158	0.00326228
0.0856939	0.00325772
0.0866723	0.00325088
0.087651	0.00324116
0.0886301	0.00322794
0.0896094	0.00321056
0.0905891	0.00318859
0.0915691	0.0031628
0.0925495	0.00313535
0.0935302	0.00310822
0.0945111	0.00308251
0.0954924	0.00305886
0.0964739	0.00303782
0.0974556	0.0030199
0.0984375	0.00300564
0.0994197	0.00299528
0.100402	0.00298795
0.101385	0.00298184
0.102367	0.00297545
0.10335	0.00296797
0.104333	0.00295886
0.105317	0.00294769
0.106301	0.00293404
0.107284	0.00291747
0.108269	0.00289789
0.109253	0.00287606
0.110238	0.00285326
0.111223	0.00283042
0.112208	0.00280804
0.113193	0.00278643
0.114179	0.00276582
0.115164	0.00274638
0.11615	0.00272829
0.117136	0.00271163
0.118123	0.00269638
0.119109	0.00268247
0.120096	0.0026699
0.121082	0.00265874
0.122069	0.00264908
0.123056	0.00264113
0.124043	0.00263513
0.125031	0.00263135
0.126018	0.00262954
0.127006	0.00262849
0.127993	0.00262667
0.128981	0.00262297
0.129969	0.00261666
0.130957	0.00260712
0.131945	0.00259375
0.132934	0.00257589
0.133923	0.00255296
0.134912	0.00252543
0.135901	0.00249549
0.13689	0.00246571
0.137879	0.00243782
0.138869	0.00241288
0.139859	0.00239173
0.140849	0.00237514
0.141838	0.0023639
0.142828	0.00235867
0.143818	0.00235899
0.144809	0.00236276
0.145799	0.00236752
0.146789	0.00237165
0.147779	0.00237409
0.14877	0.00237403
0.14976	0.00237075
0.150751	0.00236356
0.151742	0.00235191
0.152733	0.0023362
0.153724	0.00231804
0.154715	0.00229922
0.155706	0.0022809
0.156698	0.00226384
0.157689	0.00224859
0.158681	0.00223567
0.159673	0.00222555
0.160664	0.0022186
0.161656	0.00221453
0.162648	0.00221222
0.16364	0.00221045
0.164632	0.00220845
0.165624	0.00220568
0.166617	0.00220173
0.167609	0.00219624
0.168601	0.00218887
0.169594	0.00217937
0.170586	0.00216794
0.171579	0.00215531
0.172572	0.00214229
0.173565	0.00212938
0.174558	0.00211691
0.175551	0.00210515
0.176544	0.00209431
0.177537	0.0020846
0.178531	0.00207616
0.179524	0.00206893
0.180517	0.00206255
0.181511	0.00205663
0.182504	0.00205094
0.183498	0.00204533
0.184492	0.00203968
0.185485	0.00203392
0.186479	0.00202799
0.187473	0.00202182
0.188467	0.00201534
0.189461	0.00200842
0.190455	0.00200095
0.191449	0.0019928
0.192443	0.00198389
0.193438	0.0019741
0.194432	0.00196332
0.195427	0.00195139
0.196421	0.00193825
0.197416	0.0019242
0.19841	0.00191011
0.199405	0.00189687
0.2004	0.00188511
0.2004	0.00188511
0.201395	0.0018753
0.20239	0.00186788
0.203384	0.00186326
0.204379	0.00186188
0.205374	0.00186406
0.206369	0.00186933
0.207364	0.00187619
0.208359	0.00188294
0.209354	0.00188841
0.210349	0.00189172
0.211345	0.00189213
0.21234	0.00188896
0.213335	0.00188154
0.21433	0.0018694
0.215326	0.00185295
0.216321	0.00183382
0.217317	0.00181375
0.218313	0.00179394
0.219309	0.00177519
0.220305	0.00175812
0.2213	0.00174328
0.222296	0.00173115
0.223292	0.00172211
0.224288	0.00171611
0.225284	0.00171252
0.22628	0.00171059
0.227276	0.00170984
0.228272	0.00170995
0.229268	0.00171073
0.230264	0.00171202
0.231261	0.00171373
0.232257	0.00171579
0.233253	0.00171796
0.234249	0.00171983
0.235245	0.0017209
0.236242	0.00172082
0.237238	0.00171928
0.238234	0.001716
0.239231	0.00171074
0.240227	0.00170321
0.241224	0.00169319
0.24222	0.00168088
0.243217	0.00166708
0.244214	0.00165273
0.245211	0.00163855
0.246207	0.00162501
0.247204	0.00161249
0.248201	0.00160132
0.249198	0.00159181
0.250195	0.00158422
0.251192	0.0015785
0.252189	0.00157418
0.253186	0.00157061
0.254183	0.00156731
0.25518	0.00156397
0.256177	0.00156033
0.257174	0.00155615
0.258171	0.00155125
0.259168	0.00154543
0.260165	0.00153875
0.261163	0.0015316
0.26216	0.00152452
0.263157	0.00151796
0.264154	0.0015122
0.265152	0.00150751
0.266149	0.00150413
0.267146	0.0015023
0.268144	0.00150224
0.269141	0.00150389
0.270139	0.00150663
0.271136	0.00150961
0.272133	0.00151213
0.273131	0.00151367
0.274128	0.00151383
0.275126	0.00151222
0.276123	0.00150849
0.277121	0.00150229
0.278118	0.00149363
0.279116	0.00148309
0.280114	0.00147162
0.281111	0.00145997
0.282109	0.00144864
0.283107	0.00143803
0.284105	0.00142847
0.285103	0.00142026
0.2861	0.00141368
0.287098	0.00140882
0.288096	0.00140549
0.289094	0.00140325
0.290092	0.00140176
0.29109	0.00140081
0.292088	0.00140023
0.293086	0.00139992
0.294083	0.00139977
0.295081	0.0013997
0.296079	0.00139964
0.297077	0.0013995
0.298075	0.00139916
0.299073	0.00139854
0.300071	0.00139754
0.301069	0.00139611
0.302067	0.00139417
0.303065	0.00139166
0.304063	0.00138853
0.305062	0.00138474
0.30606	0.00138032
0.307058	0.00137541
0.308056	0.00137009
0.309054	0.00136442
0.310053	0.00135844
0.311051	0.00135219
0.312049	0.00134567
0.313047	0.00133892
0.314046	0.00133193
0.315044	0.00132476
0.316042	0.00131751
0.317041	0.00131018
0.318039	0.00130291
0.319038	0.0012957
0.320036	0.00128853
0.321034	0.00128149
0.322033	0.00127456
0.323031	0.00126777
0.32403	0.00126125
0.325028	0.00125519
0.326027	0.00124982
0.327025	0.00124527
0.328024	0.00124176
0.329022	0.00123924
0.330021	0.00123823
0.331019	0.00123842
0.332018	0.00124006
0.333017	0.00124322
0.334015	0.0012467
0.335014	0.00125006
0.336012	0.0012526
0.337011	0.00125389
0.338009	0.00125357
0.339008	0.00125106
0.340007	0.00124644
0.341005	0.00123861
0.342004	0.00122884
0.343003	0.0012179
0.344001	0.00120637
0.345	0.00119615
0.345999	0.00118723
0.346998	0.00118053
0.347996	0.00117643
0.348995	0.00117556
0.349994	0.00117833
0.350993	0.00118434
0.351991	0.00119267
0.35299	0.00120167
0.353989	0.00121001
0.354988	0.0012169
0.355986	0.00122147
0.356985	0.00122306
0.357984	0.00122076
0.358983	0.00121444
0.359981	0.00120334
0.36098	0.00118969
0.361979	0.00117485
0.362978	0.00115943
0.363977	0.00114545
0.364976	0.0011329
0.365975	0.00112273
0.366974	0.00111547
0.367973	0.00111162
0.368972	0.00111137
0.369971	0.0011138
0.37097	0.00111804
0.371969	0.00112276
0.372968	0.00112737
0.373967	0.00113159
0.374966	0.00113453
0.375964	0.00113591
0.376963	0.0011353
0.377962	0.00113247
0.378961	0.00112796
0.37996	0.00112256
0.380959	0.00111682
0.381959	0.00111139
0.382958	0.00110659
0.383957	0.0011028
0.384956	0.00110026
0.385955	0.0010994
0.386954	0.00110017
0.387953	0.00110217
0.388952	0.00110475
0.389951	0.00110695
0.39095	0.00110831
0.391949	0.00110828
0.392948	0.0011066
0.393947	0.00110256
0.394946	0.00109618
0.395945	0.00108716
0.396945	0.00107576
0.397944	0.00106355
0.398943	0.00105134
0.399942	0.00104001
0.400941	0.00103014
0.401941	0.00102226
0.40294	0.00101686
0.403939	0.00101441
0.404938	0.00101519
0.405938	0.00101897
0.406937	0.0010247
0.407936	0.0010316
0.408935	0.00103866
0.409934	0.00104547
0.410933	0.00105169
0.411932	0.00105655
0.412932	0.00105987
0.413931	0.00106122
0.41493	0.00106063
0.415929	0.00105842
0.416928	0.0010552
0.417928	0.00105102
0.418927	0.00104641
0.419926	0.00104147
0.420925	0.00103614
0.421925	0.00103086
0.422924	0.00102552
0.423923	0.00102028
0.424923	0.00101511
0.425922	0.00101
0.426921	0.00100493
0.427921	0.000999902
0.42892	0.000994919
0.429919	0.000989978
0.430919	0.000985079
0.431918	0.000980224
0.432917	0.000975468
0.433917	0.000970954
0.434916	0.00096686
0.435915	0.000963335
0.436915	0.000960505
0.437914	0.000958482
0.438913	0.000957376
0.439913	0.000957303
0.440912	0.000958367
0.441911	0.000960517
0.442911	0.000963375
0.44391	0.000966378
0.444909	0.000969043
0.445909	0.000970993
0.446908	0.0009719
0.447907	0.000971466
0.448907	0.000969403
0.449906	0.000965447
0.450906	0.000959569
0.451905	0.000952274
0.452904	0.000944428
0.453904	0.000936792
0.454903	0.00092992
0.455903	0.00092427
0.456902	0.000920241
0.457902	0.000918242
0.458901	0.000918571
0.4599	0.000921544
0.4609	0.000926447
0.461899	0.000932863
0.462899	0.00093935
0.463898	0.000945443
0.464897	0.000951035
0.465897	0.000954944
0.466896	0.000957168
0.467896	0.000957102
0.468895	0.000954431
0.469894	0.000949587
0.470894	0.000943213
0.471893	0.00093623
0.472893	0.000929741
0.473892	0.000924512
0.474892	0.000920725
0.475891	0.000918115
0.476891	0.000917286
0.47789	0.000918498
0.47889	0.00092187
0.479889	0.000926089
0.480888	0.000930312
0.481888	0.000934142
0.482887	0.000936493
0.483887	0.000937176
0.484886	0.000935468
0.485886	0.000931158
0.486885	0.000923734
0.487885	0.000913385
0.488884	0.00090145
0.489884	0.000889063
0.490883	0.00087725
0.491883	0.000866725
0.492882	0.000858111
0.493882	0.000851959
0.494882	0.000848784
0.495881	0.000849066
0.496881	0.000852712
0.49788	0.000859013
0.49888	0.000866527
0.499879	0.000874746
0.500879	0.000882444
0.501878	0.000889169
0.502878	0.000894677
0.503877	0.000897967
0.504876	0.000898664
0.505876	0.000896807
0.506876	0.000892836
0.507875	0.000887344
0.508875	0.00088142
0.509874	0.000875362
0.510874	0.000869658
0.511873	0.000864644
0.512873	0.000860655
0.513872	0.000857976
0.514872	0.000856748
0.515871	0.000856768
0.516871	0.000857601
0.517871	0.000858864
0.51887	0.000860289
0.51987	0.000861659
0.520869	0.000862786
0.521869	0.0008635
0.522868	0.000863646
0.523868	0.000863115
0.524867	0.00086191
0.525867	0.000860128
0.526867	0.000857865
0.527866	0.000855176
0.528866	0.000852098
0.529865	0.000848656
0.530865	0.000844866
0.531864	0.000840735
0.532864	0.000836297
0.533864	0.000831689
0.534863	0.000827157
0.535863	0.000822949
0.536862	0.000819256
0.537862	0.000816243
0.538862	0.000814058
0.539861	0.000812844
0.540861	0.000812743
0.54186	0.000813855
0.54286	0.00081609
0.54386	0.000819105
0.544859	0.000822508
0.545859	0.00082601
0.546858	0.000829366
0.547858	0.000832379
0.548857	0.000834867
0.549857	0.000836598
0.550857	0.000837511
0.551856	0.00083752
0.552856	0.000836724
0.553855	0.000835379
0.554855	0.000833582
0.555855	0.000831444
0.556854	0.000829038
0.557854	0.000826429
0.558853	0.000823673
0.559853	0.000820814
0.560853	0.000817903
0.561852	0.000814994
0.562852	0.000812145
0.563851	0.000809407
0.564851	0.000806822
0.565851	0.000804432
0.56685	0.000802272
0.56785	0.000800378
0.56885	0.000798779
0.569849	0.000797493
0.570849	0.000796523
0.571849	0.000795831
0.572848	0.000795383
0.572848	0.000795383
0.573848	0.000795168
0.574847	0.000795171
0.575847	0.000795389
0.576847	0.000795821
0.577846	0.000796468
0.578846	0.000797308
0.579845	0.000798253
0.580845	0.000799167
0.581845	0.000799922
0.582844	0.000800416
0.583844	0.000800559
0.584844	0.00080027
0.585843	0.000799467
0.586843	0.000798076
0.587843	0.000796065
0.588842	0.00079354
0.589842	0.000790737
0.590841	0.000787889
0.591841	0.000785168
0.592841	0.000782716
0.59384	0.000780659
0.59484	0.000779115
0.59584	0.000778195
0.596839	0.000777971
0.597839	0.000778349
0.598839	0.000779052
0.599838	0.000779778
0.600838	0.000780297
0.601838	0.000780424
0.602837	0.00077999
0.603837	0.000778841
0.604837	0.000776828
0.605836	0.000773846
0.606836	0.000769992
0.607836	0.000765641
0.608835	0.000761235
0.609835	0.000757112
0.610835	0.000753537
0.611834	0.000750744
0.612834	0.000748944
0.613834	0.000748345
0.614833	0.000749117
0.615833	0.000751236
0.616833	0.000754321
0.617832	0.000757906
0.618832	0.000761543
0.619832	0.000764999
0.620831	0.000767934
0.621831	0.000770095
0.622831	0.000771336
0.62383	0.000771375
0.62483	0.00077017
0.625829	0.000767965
0.626829	0.000765209
0.627829	0.000762229
0.628828	0.000759284
0.629828	0.000756585
0.630828	0.000754322
0.631828	0.000752666
0.632827	0.000751778
0.633827	0.000751712
0.634827	0.000752293
0.635826	0.000753185
0.636826	0.000754085
0.637826	0.00075477
0.638825	0.000755051
0.639825	0.000754756
0.640825	0.000753726
0.641824	0.000751812
0.642824	0.000748954
0.643824	0.000745341
0.644823	0.000741374
0.645823	0.000737439
0.646823	0.000733815
0.647822	0.000730737
0.648822	0.000728412
0.649822	0.000727032
0.650822	0.000726784
0.651821	0.000727785
0.652821	0.0007299
0.653821	0.000732735
0.65482	0.000735858
0.65582	0.000738966
0.65682	0.0007418
0.657819	0.000744117
0.658819	0.000745696
0.659819	0.000746389
0.660818	0.000746001
0.661818	0.000744548
0.662818	0.000742386
0.663817	0.00073985
0.664817	0.000737206
0.665817	0.000734659
0.666816	0.000732386
0.667816	0.000730544
0.668816	0.000729284
0.669815	0.000728726
0.670815	0.000728849
0.671815	0.000729421
0.672815	0.000730131
0.673814	0.000730739
0.674814	0.000731053
0.675814	0.00073091
0.676813	0.000730158
0.677813	0.000728654
0.678813	0.000726274
0.679812	0.000723038
0.680812	0.000719226
0.681812	0.000715238
0.682812	0.000711406
0.683811	0.000707979
0.684811	0.000705172
0.685811	0.00070318
0.68681	0.000702186
0.68781	0.000702363
0.68881	0.000703754
0.68981	0.000706115
0.690809	0.000709018
0.691809	0.000712088
0.692809	0.000715032
0.693808	0.000717629
0.694808	0.000719628
0.695808	0.000720832
0.696807	0.000721087
0.697807	0.000720234
0.698807	0.000718414
0.699807	0.00071596
0.700806	0.000713163
0.701806	0.00071024
0.702806	0.000707361
0.703805	0.000704676
0.704805	0.00070232
0.705805	0.000700416
0.706805	0.00069905
0.707804	0.000698199
0.708804	0.000697733
0.709804	0.000697516
0.710803	0.000697453
0.711803	0.000697471
0.712803	0.00069751
0.713803	0.000697516
0.714802	0.000697439
0.715802	0.000697242
0.716802	0.00069693
0.717801	0.000696562
0.718801	0.000696208
0.719801	0.000695918
0.720801	0.000695732
0.7218	0.000695686
0.7228	0.000695814
0.7238	0.000696149
0.724799	0.000696715
0.725799	0.00069748
0.726799	0.000698331
0.727799	0.000699129
0.728798	0.000699764
0.729798	0.000700145
0.730798	0.00070019
0.731797	0.000699823
0.732797	0.000698973
0.733797	0.000697578
0.734797	0.000695642
0.735796	0.000693293
0.736796	0.000690709
0.737796	0.000688035
0.738796	0.00068538
0.739795	0.000682836
0.740795	0.000680485
0.741795	0.000678404
0.742795	0.000676659
0.743794	0.000675283
0.744794	0.000674234
0.745794	0.000673425
0.746793	0.000672783
0.747793	0.000672258
0.748793	0.000671811
0.749793	0.000671408
0.750792	0.000671018
0.751792	0.000670613
0.752792	0.000670176
0.753792	0.00066971
0.754791	0.000669235
0.755791	0.000668768
0.756791	0.000668323
0.757791	0.000667907
0.75879	0.00066753
0.75979	0.000667198
0.76079	0.000666919
0.76179	0.000666695
0.762789	0.000666522
0.763789	0.000666383
0.764789	0.000666265
0.765788	0.000666157
0.766788	0.000666049
0.767788	0.000665933
0.768788	0.000665802
0.769787	0.000665649
0.770787	0.00066547
0.771787	0.000665278
0.772787	0.000665109
0.773786	0.000664998
0.774786	0.000664975
0.775786	0.000665064
0.776785	0.00066529
0.777785	0.000665673
0.778785	0.000666239
0.779785	0.000667
0.780784	0.00066792
0.781784	0.000668891
0.782784	0.000669783
0.783784	0.000670491
0.784783	0.000670927
0.785783	0.000671016
0.786783	0.000670684
0.787783	0.000669858
0.788782	0.000668481
0.789782	0.000666566
0.790782	0.000664246
0.791782	0.000661704
0.792781	0.000659084
0.793781	0.000656499
0.794781	0.000654042
0.795781	0.000651799
0.79678	0.000649847
0.79778	0.000648255
0.79878	0.000647058
0.79978	0.000646223
0.800779	0.000645677
0.801779	0.000645363
0.802779	0.000645245
0.803779	0.000645293
0.804778	0.000645486
0.805778	0.000645806
0.806778	0.000646239
0.807778	0.000646751
0.808777	0.000647261
0.809777	0.00064765
0.810777	0.00064781
0.811777	0.000647649
0.812776	0.000647089
0.813776	0.000646052
0.814776	0.000644465
0.815776	0.000642255
0.816775	0.000639408
0.817775	0.000636075
0.818775	0.00063255
0.819775	0.000629121
0.820774	0.000626003
0.821774	0.000623378
0.822774	0.000621409
0.823774	0.000620248
0.824774	0.000620044
0.825773	0.00062089
0.826773	0.000622679
0.827773	0.000625082
0.828773	0.000627746
0.829772	0.000630405
0.830772	0.00063284
0.831772	0.000634856
0.832772	0.000636272
0.833771	0.000636915
0.834771	0.000636649
0.835771	0.000635486
0.836771	0.000633647
0.83777	0.0006314
0.83877	0.000628947
0.83977	0.000626439
0.84077	0.000624006
0.84177	0.000621764
0.842769	0.000619816
0.843769	0.000618252
0.844769	0.00061711
0.845769	0.000616347
0.846768	0.000615893
0.847768	0.000615695
0.848768	0.000615722
0.849768	0.00061595
0.850767	0.000616363
0.851767	0.000616948
0.852767	0.000617692
0.853767	0.000618555
0.854767	0.000619434
0.855766	0.000620196
0.856766	0.000620725
0.857766	0.000620925
0.858766	0.000620708
0.859765	0.000619991
0.860765	0.000618694
0.861765	0.000616743
0.862765	0.000614148
0.863765	0.000611108
0.864764	0.000607946
0.865764	0.000604951
0.866764	0.000602343
0.867764	0.000600312
0.868763	0.00059903
0.869763	0.000598661
0.870763	0.000599365
0.871763	0.000601207
0.872763	0.000603967
0.873762	0.000607206
0.874762	0.000610455
0.875762	0.000613429
0.876762	0.000615793
0.877761	0.000617289
0.878761	0.000617716
0.879761	0.000616773
0.880761	0.000614353
0.881761	0.000610622
0.88276	0.000606073
0.88376	0.000601213
0.88476	0.000596419
0.88576	0.000591989
0.88676	0.000588184
0.887759	0.000585241
0.888759	0.000583381
0.889759	0.000582771
0.890759	0.000583359
0.891759	0.000584813
0.892758	0.000586745
0.893758	0.000588865
0.894758	0.000590945
0.895758	0.000592782
0.896757	0.000594193
0.897757	0.000595004
0.898757	0.000595071
0.899757	0.000594386
0.900757	0.000593138
0.901756	0.000591577
0.902756	0.000589895
0.903756	0.000588238
0.904756	0.000586732
0.905756	0.000585487
0.906755	0.000584606
0.907755	0.00058418
0.908755	0.000584221
0.909755	0.00058461
0.910755	0.000585163
0.911754	0.000585732
0.912754	0.000586201
0.913754	0.000586476
0.914754	0.000586466
0.915754	0.000586087
0.916754	0.000585265
0.917753	0.000583988
0.918753	0.00058238
0.919753	0.000580638
0.920753	0.000578935
0.921753	0.000577403
0.922752	0.000576153
0.923752	0.000575288
0.924752	0.000574907
0.925752	0.000575101
0.926752	0.000575896
0.927751	0.000577154
0.928751	0.000578611
0.929751	0.000580025
0.930751	0.000581209
0.931751	0.000582
0.932751	0.000582251
0.93375	0.000581826
0.93475	0.000580595
0.93575	0.000578496
0.93575	0.000578496
0.93675	0.000575653
0.93775	0.000572366
0.938749	0.000568928
0.939749	0.000565561
0.940749	0.00056244
0.941749	0.000559725
0.942749	0.000557557
0.943749	0.000556073
0.944749	0.000555367
0.945748	0.000555398
0.946748	0.000555977
0.947748	0.0005569
0.948748	0.000558015
0.949748	0.000559205
0.950748	0.000560367
0.951747	0.000561411
0.952747	0.00056225
0.953747	0.000562819
0.954747	0.00056312
0.955747	0.000563239
0.956747	0.000563283
0.957747	0.000563332
0.958746	0.000563449
0.959746	0.000563691
0.960746	0.000564111
0.961746	0.000564755
0.962746	0.000565677
0.963746	0.000566868
0.964746	0.000568369
0.965745	0.000570033
0.966745	0.000572002
0.967745	0.000574178
0.968745	0.000576479
0.969745	0.000579094
0.970745	0.000581898
0.971745	0.000584956
0.972744	0.000588235
0.973744	0.000591654
0.974744	0.000595112
0.975744	0.00059853
0.976744	0.000601847
0.977744	0.000605019
0.978744	0.000608004
0.979744	0.000610768
0.980743	0.000613298
0.981743	0.000615722
0.982743	0.000618432
0.983743	0.00062195
0.984743	0.000626775
0.985743	0.000633322
0.986743	0.000642118
0.987743	0.000653503
0.988742	0.000668414
0.989742	0.000686726
0.990742	0.000710791
0.991742	0.000737989
0.992742	0.000775766
0.993742	0.000812705
0.994742	0.000879429
0.995742	0.00092535
0.996742	0.00105931
0.997741	0.00111442
0.998741	0.00171526
0.999741	0.00166459
)
