(title "Skin Friction Coefficient")
(labels "Position" "Skin Friction Coefficient")

((xy/key/label "lower")
0.00278699	0.0280493
0.00351558	0.00181079
0.00432578	0.00522257
0.00517743	0.00839178
0.00605789	0.00868567
0.006958	0.00883692
0.00787111	0.00873491
0.00879356	0.00860109
0.00972355	0.00844558
0.0106601	0.00825972
0.0116022	0.00800925
0.0125492	0.00776051
0.0135003	0.00755289
0.0144546	0.00735689
0.015412	0.00717716
0.0163722	0.00698835
0.017335	0.00680416
0.0182999	0.00663564
0.0192669	0.00646763
0.0202359	0.00628656
0.0212066	0.00612428
0.0221788	0.00600118
0.0231522	0.00588552
0.0241271	0.00574119
0.0251033	0.00559597
0.0260806	0.00548846
0.0270587	0.0053962
0.0280379	0.0052891
0.0290182	0.00515968
0.0299993	0.00503669
0.0309812	0.00494197
0.0319639	0.00485914
0.0329472	0.00476928
0.0339312	0.00466308
0.034916	0.00454987
0.0359014	0.0044512
0.0368872	0.00438401
0.0378735	0.00432575
0.0388603	0.00424122
0.0398476	0.00414665
0.0408354	0.00407835
0.0418234	0.00403365
0.0428118	0.00398072
0.0438007	0.00391125
0.0447899	0.00384732
0.0457794	0.0037975
0.0467692	0.00373893
0.0477594	0.00365679
0.04875	0.00357171
0.0497407	0.00351006
0.0507317	0.00347306
0.0517229	0.00344523
0.0527142	0.00341089
0.0537059	0.00335983
0.0546978	0.00329409
0.0556899	0.00322684
0.0566822	0.00317019
0.0576746	0.0031299
0.0586672	0.00310329
0.0596599	0.00307749
0.0606528	0.00304043
0.0616459	0.00299129
0.0626392	0.00293569
0.0636326	0.00287867
0.0646261	0.0028253
0.0656198	0.00278405
0.0666135	0.00276293
0.0676073	0.00275352
0.0686012	0.00272924
0.0695952	0.00267998
0.0705894	0.0026292
0.0715836	0.00259833
0.0725779	0.0025776
0.0735723	0.00254748
0.0745668	0.00251024
0.0755614	0.00248105
0.076556	0.00246033
0.0775507	0.00243339
0.0785454	0.00239475
0.0795403	0.00235534
0.0805352	0.0023241
0.0815302	0.00229964
0.0825252	0.00227569
0.0835202	0.0022487
0.0845153	0.00221846
0.0855105	0.0021927
0.0865057	0.00218104
0.0875009	0.0021751
0.0884961	0.00215602
0.0894915	0.00211729
0.0904869	0.00207698
0.0914823	0.00205241
0.0924777	0.00204132
0.0934731	0.00203498
0.0944686	0.00202635
0.0954641	0.0020115
0.0964596	0.00198681
0.0974552	0.00195279
0.0984508	0.00191929
0.0994465	0.00190135
0.100442	0.00189974
0.101438	0.00189631
0.102433	0.00187842
0.103429	0.00185479
0.104425	0.00183784
0.105421	0.00182213
0.106416	0.00179628
0.107412	0.00176476
0.108408	0.00174379
0.109404	0.00173641
0.1104	0.00172966
0.111396	0.00171715
0.112391	0.00170874
0.113387	0.00171019
0.114383	0.00170915
0.115379	0.0016925
0.116375	0.00166895
0.117371	0.00165719
0.118367	0.00165403
0.119363	0.00163927
0.120359	0.00161066
0.121355	0.00159235
0.122351	0.00159597
0.123346	0.00160135
0.124342	0.00158844
0.125338	0.00156488
0.126334	0.00154956
0.12733	0.00154361
0.128326	0.00153517
0.129322	0.00152045
0.130318	0.00150668
0.131315	0.00149972
0.132311	0.00149869
0.133307	0.0014999
0.134303	0.00149911
0.135299	0.00149302
0.136295	0.00148096
0.137291	0.00146476
0.138287	0.00144811
0.139283	0.00143528
0.140279	0.00142828
0.141275	0.0014259
0.142271	0.00142452
0.143267	0.00141907
0.144263	0.0014074
0.145259	0.00139397
0.146255	0.00138468
0.147252	0.00137984
0.148248	0.00137623
0.149244	0.00137336
0.15024	0.00137322
0.151236	0.00137432
0.152232	0.00137057
0.153228	0.00135984
0.154224	0.00134887
0.15522	0.00134331
0.156216	0.00133794
0.157213	0.00132535
0.158209	0.00131025
0.159205	0.00130494
0.160201	0.00130984
0.161197	0.00131213
0.162193	0.00130491
0.163189	0.00129524
0.164185	0.00128966
0.165182	0.00128341
0.166178	0.00127081
0.167174	0.00125763
0.16817	0.00125412
0.169166	0.00125842
0.170162	0.00125843
0.171158	0.00124922
0.172155	0.00123793
0.173151	0.00123109
0.174147	0.0012273
0.175143	0.00122355
0.176139	0.00122046
0.177135	0.00121936
0.178131	0.00121771
0.179128	0.00121096
0.180124	0.00119911
0.18112	0.00118714
0.182116	0.00117854
0.183112	0.00117262
0.184108	0.00116776
0.185105	0.00116355
0.186101	0.00115993
0.187097	0.00115645
0.188093	0.00115276
0.189089	0.00114977
0.190085	0.00114871
0.191082	0.00114796
0.192078	0.00114305
0.193074	0.00113232
0.19407	0.00112
0.195066	0.0011109
0.196063	0.00110596
0.197059	0.00110284
0.198055	0.00109708
0.199051	0.00108521
0.200047	0.00107093
0.201043	0.00106334
0.20204	0.00106416
0.203036	0.00106419
0.204032	0.0010564
0.205028	0.00104436
0.206024	0.00103477
0.207021	0.00102944
0.208017	0.00102607
0.209013	0.00102051
0.210009	0.00100927
0.211005	0.000995557
0.212002	0.000988238
0.212998	0.000988222
0.213994	0.000984006
0.21499	0.000968116
0.215986	0.000948933
0.216983	0.000938214
0.217979	0.000934239
0.218975	0.000927342
0.219971	0.000915237
0.220968	0.00090338
0.221964	0.000894157
0.22296	0.000883559
0.223956	0.000869328
0.224952	0.000855197
0.225949	0.000843997
0.226945	0.000831602
0.227941	0.000812524
0.228937	0.000788726
0.229934	0.000767089
0.23093	0.000750045
0.23093	0.000750045
0.231926	0.000734498
0.232922	0.000716229
0.233919	0.000694081
0.234915	0.000666863
0.235911	0.000642828
0.236907	0.000614881
0.237904	0.000600073
0.2389	0.000569452
0.239896	0.000570126
0.240893	0.000636737
0.241889	0.000990765
0.242885	0.00102864
)
