(title "Pressure Coefficient")
(labels "Position" "Pressure Coefficient")

((xy/key/label "lower")
0.000580018	0.461044
0.00118176	0.333369
0.00183101	0.254916
0.00250862	0.186384
0.00320538	0.128351
0.00391653	0.0805034
0.00463972	0.0418486
0.00537294	0.0114629
0.006114	-0.0120374
0.00686104	-0.0310202
0.0076129	-0.0474878
0.00836875	-0.062457
0.00912788	-0.0766161
0.00988992	-0.0901115
0.0106546	-0.10274
0.0114218	-0.114316
0.0121911	-0.124736
0.0129625	-0.134182
0.0137358	-0.142686
0.0145108	-0.150204
0.0152873	-0.156895
0.0160652	-0.163078
0.0168442	-0.168986
0.0176244	-0.174672
0.0184056	-0.180101
0.0191878	-0.185259
0.019971	-0.189985
0.020755	-0.194317
0.0215399	-0.19832
0.0223256	-0.202005
0.023112	-0.205586
0.023899	-0.208939
0.0246867	-0.211997
0.025475	-0.214739
0.0262639	-0.217104
0.0270534	-0.21918
0.0278434	-0.221112
0.0286338	-0.223048
0.0294246	-0.225056
0.0302158	-0.227075
0.0310074	-0.228955
0.0317994	-0.230551
0.0325919	-0.231821
0.0333847	-0.232855
0.0341778	-0.233829
0.0349712	-0.234895
0.0357649	-0.236093
0.0365588	-0.237327
0.037353	-0.238441
0.0381475	-0.239299
0.0389424	-0.239871
0.0397374	-0.240227
0.0405327	-0.240484
0.0413282	-0.240734
0.0421239	-0.241019
0.0429197	-0.241326
0.0437158	-0.241621
0.044512	-0.241867
0.0453084	-0.242029
0.046105	-0.242054
0.0469017	-0.241896
0.0476987	-0.241558
0.0484958	-0.241092
0.049293	-0.240592
0.0500903	-0.240159
0.0508877	-0.239843
0.0516852	-0.239606
0.0524828	-0.239348
0.0532805	-0.238962
0.0540784	-0.238405
0.0548764	-0.237722
0.0556744	-0.237012
0.0564726	-0.236376
0.0572708	-0.235858
0.058069	-0.235427
0.0588673	-0.235003
0.0596658	-0.234511
0.0604643	-0.23392
0.0612628	-0.233258
0.0620615	-0.232585
0.0628601	-0.231953
0.0636589	-0.231367
0.0644577	-0.230781
0.0652565	-0.230118
0.0660554	-0.229318
0.0668544	-0.22837
0.0676534	-0.227319
0.0684525	-0.226235
0.0692516	-0.225179
0.0700507	-0.224187
0.0708499	-0.223267
0.071649	-0.222415
0.0724482	-0.221616
0.0732475	-0.220846
0.0740467	-0.220068
0.074846	-0.219242
0.0756454	-0.218339
0.0764447	-0.217351
0.0772441	-0.216291
0.0780435	-0.215179
0.0788429	-0.214038
0.0796424	-0.212894
0.0804418	-0.211772
0.0812413	-0.210696
0.0820408	-0.209678
0.0828402	-0.208712
0.0836397	-0.207774
0.0844393	-0.206832
0.0852388	-0.205862
0.0860383	-0.20485
0.0868379	-0.203791
0.0876374	-0.202684
0.088437	-0.201528
0.0892365	-0.20033
0.0900361	-0.199096
0.0908357	-0.197834
0.0916352	-0.196561
0.0924348	-0.195302
0.0932344	-0.19409
0.0940339	-0.192954
0.0948335	-0.191899
0.0956331	-0.190894
0.0964327	-0.189886
0.0972322	-0.188818
0.0980318	-0.187667
0.0988314	-0.186449
0.0996309	-0.185212
0.100431	-0.184
0.10123	-0.182838
0.10203	-0.181717
0.102829	-0.180607
0.103629	-0.179476
0.104428	-0.178311
0.105228	-0.177122
0.106027	-0.175934
0.106827	-0.174771
0.107626	-0.173641
0.108426	-0.172529
0.109225	-0.171413
0.110025	-0.170268
0.110824	-0.169085
0.111624	-0.167872
0.112423	-0.166643
0.113223	-0.165414
0.114022	-0.164196
0.114822	-0.16299
0.115621	-0.161796
0.11642	-0.160609
0.11722	-0.159426
0.118019	-0.158238
0.118819	-0.157041
0.119618	-0.155831
0.120417	-0.154615
0.121217	-0.15341
0.122016	-0.152237
0.122815	-0.151111
0.123615	-0.150029
0.124414	-0.148965
0.125214	-0.147887
0.126013	-0.146765
0.126812	-0.145593
0.127611	-0.144387
0.128411	-0.143169
0.12921	-0.141964
0.130009	-0.140785
0.130808	-0.139636
0.131608	-0.138516
0.132407	-0.137423
0.133206	-0.136351
0.134005	-0.135293
0.134805	-0.134241
0.135604	-0.133185
0.136403	-0.132118
0.137202	-0.13103
0.138001	-0.129915
0.1388	-0.128772
0.139599	-0.127611
0.140398	-0.126453
0.141198	-0.125322
0.141997	-0.124235
0.142796	-0.123189
0.143595	-0.122168
0.144394	-0.121148
0.145193	-0.120112
0.145992	-0.119055
0.146791	-0.117988
0.14759	-0.116926
0.148389	-0.115878
0.149188	-0.114841
0.149987	-0.113803
0.150786	-0.112748
0.151585	-0.111666
0.152384	-0.110561
0.153183	-0.10945
0.153982	-0.108351
0.154781	-0.107279
0.15558	-0.106234
0.156379	-0.105207
0.157178	-0.104185
0.157977	-0.103162
0.158776	-0.10214
0.159574	-0.10113
0.160373	-0.100145
0.161172	-0.099192
0.161971	-0.0982643
0.16277	-0.0973439
0.163569	-0.0964106
0.164368	-0.0954528
0.165167	-0.0944751
0.165965	-0.0934945
0.166764	-0.0925304
0.167563	-0.0915931
0.168362	-0.0906764
0.169161	-0.089761
0.16996	-0.0888255
0.170758	-0.0878595
0.171557	-0.0868719
0.172356	-0.0858856
0.173155	-0.0849252
0.173953	-0.0840047
0.174752	-0.0831192
0.175551	-0.0822493
0.17635	-0.0813716
0.177149	-0.0804715
0.177947	-0.07955
0.178746	-0.0786194
0.179545	-0.0776943
0.180343	-0.0767841
0.181142	-0.0758888
0.181941	-0.0750012
0.182739	-0.0741129
0.183538	-0.0732186
0.184337	-0.0723189
0.185135	-0.0714185
0.185135	-0.0714185
0.185934	-0.0705231
0.186733	-0.0696375
0.187531	-0.0687647
0.18833	-0.0679057
0.189129	-0.0670606
0.189927	-0.0662282
0.190726	-0.0654058
0.191525	-0.0645895
0.192323	-0.0637749
0.193122	-0.0629585
0.193921	-0.0621376
0.194719	-0.0613106
0.195518	-0.0604766
0.196317	-0.0596361
0.197115	-0.0587917
0.197914	-0.057947
0.198712	-0.0571059
0.199511	-0.0562715
0.200309	-0.0554458
0.201108	-0.0546299
0.201907	-0.053824
0.202705	-0.0530266
0.203504	-0.0522342
0.204302	-0.0514421
0.205101	-0.050646
0.205899	-0.0498438
0.206698	-0.0490374
0.207496	-0.0482307
0.208295	-0.047428
0.209094	-0.0466318
0.209892	-0.0458425
0.210691	-0.0450591
0.211489	-0.0442804
0.212288	-0.0435064
0.213086	-0.0427382
0.213885	-0.0419779
0.214683	-0.0412271
0.215482	-0.040485
0.21628	-0.0397481
0.217079	-0.0390109
0.217877	-0.0382685
0.218676	-0.0375196
0.219474	-0.0367667
0.220273	-0.0360149
0.221071	-0.0352686
0.22187	-0.0345289
0.222668	-0.0337921
0.223467	-0.0330521
0.224265	-0.0323036
0.225064	-0.0315463
0.225862	-0.0307854
0.226661	-0.0300291
0.227459	-0.0292851
0.228258	-0.028556
0.229056	-0.0278382
0.229855	-0.0271247
0.230653	-0.0264086
0.231452	-0.0256867
0.23225	-0.0249606
0.233048	-0.0242341
0.233847	-0.0235111
0.234645	-0.0227923
0.235444	-0.022075
0.236242	-0.0213546
0.237041	-0.0206272
0.237839	-0.0198931
0.238637	-0.0191565
0.239436	-0.0184239
0.240234	-0.0177008
0.241033	-0.016989
0.241831	-0.0162851
0.24263	-0.0155835
0.243428	-0.0148787
0.244226	-0.0141683
0.245025	-0.0134534
0.245823	-0.0127369
0.246621	-0.0120218
0.24742	-0.0113094
0.248218	-0.0105999
0.249017	-0.00989231
0.249815	-0.00918598
0.250613	-0.00848084
0.251412	-0.00777761
0.25221	-0.00707733
0.253009	-0.0063806
0.253807	-0.0056868
0.254605	-0.00499403
0.255404	-0.00429985
0.256202	-0.00360221
0.257001	-0.00290048
0.257799	-0.00219555
0.258597	-0.00148899
0.259396	-0.000782351
0.260194	-7.66573e-05
0.260992	0.000627687
0.261791	0.00133063
0.262589	0.00203221
0.263387	0.00273249
0.264186	0.00343136
0.264984	0.00412864
0.265782	0.00482426
0.266581	0.00551828
0.267379	0.00621086
0.268177	0.00690221
0.268976	0.00759241
0.269774	0.00828124
0.270572	0.00896823
0.271371	0.00965291
0.272169	0.010335
0.272967	0.0110151
0.273766	0.0116943
0.274564	0.0123741
0.275362	0.0130556
0.276161	0.013739
0.276959	0.0144235
0.277757	0.0151081
0.278556	0.0157917
0.279354	0.0164736
0.280152	0.0171534
0.28095	0.0178309
0.281749	0.0185063
0.282547	0.0191801
0.283345	0.019853
0.284144	0.020526
0.284942	0.0211996
0.28574	0.0218731
0.286538	0.0225452
0.287337	0.0232144
0.288135	0.0238795
0.288933	0.0245406
0.289732	0.0251983
0.29053	0.0258537
0.291328	0.0265076
0.292126	0.0271602
0.292925	0.0278111
0.293723	0.0284597
0.294521	0.0291055
0.295319	0.0297481
0.296117	0.0303873
0.296916	0.0310232
0.297714	0.0316556
0.298512	0.0322848
0.29931	0.0329107
0.300109	0.0335336
0.300907	0.0341532
0.301705	0.0347694
0.302503	0.0353817
0.303301	0.03599
0.3041	0.036594
0.304898	0.0371939
0.305696	0.0377896
0.306494	0.038381
0.307293	0.038968
0.308091	0.0395504
0.308889	0.0401279
0.309687	0.0407007
0.310485	0.0412688
0.311283	0.0418325
0.312082	0.0423915
0.31288	0.0429456
0.313678	0.0434944
0.314476	0.0440379
0.315274	0.044576
0.316072	0.045109
0.31687	0.0456369
0.317668	0.0461597
0.318467	0.0466774
0.319265	0.0471894
0.320063	0.0476956
0.320861	0.0481962
0.321659	0.0486908
0.322457	0.049181
0.323255	0.0496649
0.324053	0.0501443
0.324851	0.0506184
0.325649	0.051084
0.326447	0.0515419
0.327245	0.0519918
0.328043	0.0524397
0.328841	0.0528874
0.329639	0.0533294
0.330437	0.0537651
0.331235	0.054196
0.332033	0.054622
0.332831	0.0550429
0.333629	0.0554587
0.334427	0.0558686
0.335224	0.0562732
0.336022	0.0566715
0.33682	0.0570644
0.337618	0.0574527
0.338415	0.0578354
0.339213	0.0582104
0.340011	0.0585902
0.340809	0.0589564
0.341606	0.0593376
0.342404	0.0596749
0.343201	0.06012
0.343999	0.0604765
0.344796	0.061092
0.345593	0.0602366
0.34639	0.063466
0.347188	0.0629603
)
