(title "Pressure Coefficient")
(labels "Position" "Pressure Coefficient")

((xy/key/label "upper")
0.00250105	0.408701
0.00250996	-0.274951
0.00285518	-0.668965
0.00294145	0.863805
0.00332089	-0.736917
0.00385663	-0.787676
0.00443872	-0.837905
0.00505386	-0.876032
0.00569237	-0.905672
0.00635137	-0.928574
0.00702676	-0.943244
0.00771461	-0.953265
0.00841287	-0.962266
0.0091203	-0.970193
0.00983574	-0.975683
0.0105581	-0.978825
0.0112865	-0.980701
0.0120201	-0.982266
0.0127584	-0.983553
0.0135008	-0.984414
0.014247	-0.984986
0.0149967	-0.984894
0.0157495	-0.984231
0.0165052	-0.983409
0.0172635	-0.982441
0.0180243	-0.981349
0.0187874	-0.979535
0.0195525	-0.976725
0.0203195	-0.974435
0.0210882	-0.972877
0.0218585	-0.971247
0.0226301	-0.969707
0.0234032	-0.968599
0.0241777	-0.967892
0.0249535	-0.966652
0.0257306	-0.964644
0.0265088	-0.962235
0.0272882	-0.959651
0.0280685	-0.957123
0.0288497	-0.954733
0.0296319	-0.952248
0.0304149	-0.949563
0.0311987	-0.946618
0.0319833	-0.943458
0.0327685	-0.940342
0.0335544	-0.937622
0.0343408	-0.935457
0.0351278	-0.933746
0.0359153	-0.932249
0.0367034	-0.930741
0.0374921	-0.929102
0.0382812	-0.927326
0.0390709	-0.925462
0.039861	-0.923547
0.0406516	-0.921552
0.0414426	-0.919375
0.0422341	-0.91689
0.0430259	-0.914039
0.0438181	-0.91095
0.0446107	-0.907939
0.0454035	-0.905366
0.0461966	-0.903447
0.04699	-0.902112
0.0477836	-0.901066
0.0485775	-0.899986
0.0493717	-0.898662
0.0501662	-0.897048
0.0509609	-0.895196
0.0517559	-0.893167
0.0525512	-0.890998
0.0533466	-0.88871
0.0541423	-0.886305
0.0549382	-0.883796
0.0557342	-0.881237
0.0565305	-0.878749
0.0573269	-0.876494
0.0581234	-0.874592
0.0589201	-0.873014
0.0597169	-0.87155
0.0605139	-0.86992
0.061311	-0.867919
0.0621083	-0.865537
0.0629057	-0.86295
0.0637032	-0.860386
0.0645008	-0.858003
0.0652985	-0.855799
0.0660964	-0.853638
0.0668943	-0.851359
0.0676923	-0.848874
0.0684904	-0.846235
0.0692885	-0.843604
0.0700868	-0.841154
0.070885	-0.838953
0.0716834	-0.836893
0.0724818	-0.834736
0.0732802	-0.832248
0.0740788	-0.829352
0.0748773	-0.826203
0.0756759	-0.823097
0.0764745	-0.820309
0.0772732	-0.817951
0.0780719	-0.815917
0.0788706	-0.813986
0.0796693	-0.811957
0.080468	-0.809725
0.0812668	-0.807283
0.0820655	-0.804663
0.0828643	-0.801897
0.0836631	-0.799024
0.0844618	-0.796107
0.0852606	-0.79321
0.0860594	-0.790389
0.0868581	-0.78766
0.0876569	-0.785003
0.0884556	-0.782389
0.0892543	-0.779798
0.090053	-0.777215
0.0908517	-0.774635
0.0916504	-0.772058
0.092449	-0.769476
0.0932476	-0.766863
0.0940462	-0.764179
0.0948447	-0.76138
0.0956432	-0.758445
0.0964417	-0.755408
0.0972401	-0.752345
0.0980385	-0.749342
0.0988369	-0.746461
0.0996352	-0.74373
0.100433	-0.741168
0.101232	-0.738784
0.10203	-0.736549
0.102828	-0.734343
0.103626	-0.731981
0.104424	-0.729288
0.105222	-0.726224
0.10602	-0.722957
0.106818	-0.719788
0.107616	-0.716997
0.108413	-0.714672
0.109211	-0.71263
0.110009	-0.710526
0.110806	-0.708053
0.111604	-0.705116
0.112401	-0.701878
0.113199	-0.698638
0.113996	-0.695652
0.114793	-0.693006
0.11559	-0.690583
0.116387	-0.688172
0.117184	-0.685596
0.117981	-0.682802
0.118778	-0.67987
0.119575	-0.676932
0.120372	-0.674124
0.121168	-0.671454
0.121168	-0.671454
0.121965	-0.668885
0.122762	-0.666453
0.123558	-0.664148
0.124354	-0.661918
0.125151	-0.659677
0.125947	-0.657324
0.126743	-0.654788
0.127539	-0.652075
0.128335	-0.649259
0.129131	-0.64643
0.129927	-0.643658
0.130722	-0.64098
0.131518	-0.638412
0.132314	-0.635966
0.133109	-0.633632
0.133904	-0.631339
0.1347	-0.628954
0.135495	-0.626337
0.13629	-0.623417
0.137085	-0.620272
0.13788	-0.61709
0.138674	-0.614078
0.139469	-0.611356
0.140264	-0.608903
0.141058	-0.606595
0.141853	-0.604302
0.142647	-0.601933
0.143441	-0.599452
0.144236	-0.596855
0.14503	-0.594144
0.145824	-0.591346
0.146617	-0.588547
0.147411	-0.58587
0.148205	-0.583435
0.148999	-0.581263
0.149792	-0.57923
0.150586	-0.577114
0.151379	-0.574709
0.152172	-0.571942
0.152965	-0.568929
0.153758	-0.565882
0.154551	-0.562996
0.155343	-0.560354
0.156136	-0.557901
0.156929	-0.555515
0.157721	-0.553084
0.158513	-0.550548
0.159306	-0.547901
0.160098	-0.545161
0.16089	-0.542344
0.161681	-0.539469
0.162473	-0.536562
0.163265	-0.533654
0.164056	-0.530774
0.164848	-0.527958
0.165639	-0.525257
0.16643	-0.52273
0.167221	-0.520412
0.168012	-0.518242
0.168803	-0.516044
0.169594	-0.513595
0.170385	-0.510736
0.171175	-0.507501
0.171965	-0.504114
0.172756	-0.50086
0.173546	-0.49795
0.174336	-0.49541
0.175126	-0.493092
0.175916	-0.4908
0.176706	-0.48838
0.177495	-0.485765
0.178285	-0.482952
0.179074	-0.479954
0.179863	-0.476795
0.180652	-0.473553
0.181441	-0.470359
0.18223	-0.467353
0.183019	-0.46462
0.183807	-0.462126
0.184596	-0.459739
0.185384	-0.457312
0.186173	-0.454734
0.186961	-0.451964
0.187749	-0.449003
0.188537	-0.445858
0.189324	-0.442558
0.190112	-0.439189
0.190899	-0.435884
0.191686	-0.432778
0.192474	-0.429932
0.193261	-0.427278
0.194048	-0.424662
0.194835	-0.421923
0.195622	-0.418974
0.196408	-0.415838
0.197194	-0.412614
0.197981	-0.409396
0.198767	-0.406239
0.199553	-0.403144
0.200339	-0.400079
0.201125	-0.397008
0.20191	-0.393916
0.202696	-0.390805
0.203482	-0.38769
0.204267	-0.384587
0.205052	-0.381492
0.205837	-0.378382
0.206622	-0.375217
0.207407	-0.371963
0.208191	-0.368627
0.208976	-0.365272
0.20976	-0.361994
0.210545	-0.358873
0.211329	-0.355917
0.212113	-0.353033
0.212897	-0.350078
0.213681	-0.34693
0.214465	-0.343561
0.215248	-0.340056
0.216032	-0.336547
0.216815	-0.333147
0.217598	-0.329889
0.218382	-0.326713
0.219165	-0.323521
0.219947	-0.320231
0.22073	-0.316828
0.221513	-0.313366
0.222295	-0.309928
0.223078	-0.306579
0.22386	-0.303328
0.224642	-0.300118
0.225424	-0.29687
0.226206	-0.293522
0.226988	-0.290063
0.22777	-0.286532
0.228551	-0.282985
0.229333	-0.279468
0.230114	-0.275998
0.230895	-0.272569
0.231676	-0.269165
0.232458	-0.265776
0.233239	-0.262392
0.23402	-0.259011
0.2348	-0.255631
0.235581	-0.252251
0.236362	-0.248866
0.237142	-0.245466
0.237923	-0.242043
0.238703	-0.238591
0.239483	-0.235108
0.240264	-0.231599
0.241044	-0.228069
0.241824	-0.224524
0.242603	-0.220977
0.243383	-0.217449
0.244163	-0.213963
0.244943	-0.210527
0.245722	-0.207126
0.246502	-0.203718
0.247282	-0.200258
0.248061	-0.196719
0.24884	-0.193119
0.24962	-0.189516
0.250399	-0.185975
0.251178	-0.182539
0.251957	-0.179206
0.252737	-0.175942
0.253516	-0.172701
0.254295	-0.169452
0.255074	-0.166174
0.255854	-0.162861
0.256633	-0.159506
0.257412	-0.156113
0.258191	-0.152698
0.258969	-0.149291
0.259748	-0.145924
0.260527	-0.142615
0.261306	-0.139361
0.262085	-0.136134
0.262864	-0.132908
0.263643	-0.129667
0.264422	-0.126421
0.265201	-0.123203
0.26598	-0.120048
0.266759	-0.116974
0.267539	-0.113965
0.268318	-0.110977
0.269097	-0.107964
0.269876	-0.104897
0.270655	-0.101788
0.271434	-0.0986771
0.272213	-0.095608
0.272993	-0.0926089
0.273772	-0.0896773
0.274551	-0.0867881
0.275331	-0.0839123
0.27611	-0.081031
0.27689	-0.0781432
0.277669	-0.0752606
0.278449	-0.072397
0.279229	-0.0695599
0.280008	-0.0667461
0.280788	-0.0639442
0.281568	-0.0611413
0.282348	-0.0583321
0.283127	-0.0555241
0.283907	-0.0527337
0.284687	-0.0499786
0.285467	-0.0472716
0.286248	-0.0446185
0.287028	-0.0420207
0.287809	-0.0394785
0.288589	-0.0369823
0.28937	-0.0345058
0.29015	-0.032009
0.290931	-0.0294539
0.291712	-0.026831
0.292493	-0.0241771
0.293273	-0.0215604
0.294055	-0.0190484
0.294836	-0.0166662
0.295617	-0.014374
0.296399	-0.0120891
0.29718	-0.00972991
0.297962	-0.00726443
0.298743	-0.00473308
0.299525	-0.00222029
0.300307	0.000191083
0.301089	0.00246507
0.301871	0.00463231
0.302654	0.00676336
0.303436	0.00892743
0.304218	0.011153
0.305001	0.0134141
0.305784	0.0156547
0.306567	0.0178206
0.30735	0.0198885
0.308133	0.0218751
0.308917	0.0238181
0.309701	0.0257547
0.310484	0.0277062
0.311268	0.0296754
0.312052	0.031656
0.312836	0.0336399
0.313621	0.0356165
0.314405	0.0375705
0.31519	0.0394861
0.315974	0.0413491
0.316759	0.0431462
0.317545	0.044877
0.31833	0.0465323
0.319116	0.0481082
0.319902	0.0496193
0.320688	0.0510801
0.321474	0.0525398
0.322261	0.0540108
0.323047	0.0554965
0.323834	0.0569884
0.324621	0.0584155
0.325408	0.0597048
0.326196	0.060886
0.326983	0.0619927
0.327771	0.0630489
0.328559	0.0641364
0.329347	0.0652266
0.330136	0.0662617
0.330925	0.0671996
0.331714	0.0679972
0.332503	0.0686472
0.333292	0.069179
0.334082	0.0696347
0.334872	0.0700333
0.335662	0.0703609
0.336452	0.0705857
0.337243	0.070649
0.338034	0.0705082
0.338825	0.0701643
0.339616	0.0696128
0.340408	0.0688291
0.341199	0.0677378
0.341991	0.0661669
0.342784	0.0637957
0.343576	0.0600608
0.344369	0.0540518
0.345162	0.0417106
0.345955	0.0290139
)
