(title "Skin Friction Coefficient")
(labels "Position" "Skin Friction Coefficient")

((xy/key/label "upper")
0.0218389	0.157378
0.0221814	0.0470812
0.0226884	0.0144728
0.0232938	0.00412963
0.0239609	0.00203444
0.0246789	0.00389572
0.025436	0.00491887
0.0262184	0.00660561
0.0270229	0.00841706
0.0278494	0.00868013
0.0286946	0.00841394
0.0295544	0.00841786
0.0304256	0.00872472
0.0313068	0.00901846
0.0321973	0.00914057
0.0330963	0.0091185
0.034003	0.0090145
0.0349166	0.00887896
0.0358364	0.00874302
0.0367618	0.0086267
0.0376921	0.00853699
0.0386269	0.00846304
0.0395658	0.00839254
0.0405084	0.00832769
0.0414544	0.00827735
0.0424034	0.00824831
0.0433553	0.00823893
0.0443099	0.00823269
0.0452669	0.00821506
0.0462263	0.00818438
0.0471879	0.00814214
0.0481517	0.00808826
0.0491175	0.00802256
0.0500852	0.00794814
0.0510547	0.00787178
0.0520258	0.00779988
0.0529985	0.0077364
0.0539726	0.00768314
0.0549479	0.00764123
0.0559245	0.00761342
0.0569022	0.0076009
0.0578809	0.00759693
0.0588606	0.00759161
0.0598412	0.00758059
0.0608228	0.00756408
0.0618053	0.00754242
0.0627887	0.00751463
0.0637729	0.00747889
0.064758	0.00743526
0.0657438	0.00738759
0.0667304	0.00734066
0.0677177	0.00729693
0.0687056	0.00725713
0.0696941	0.00722228
0.0706831	0.00719336
0.0716727	0.00717195
0.0726627	0.00715878
0.0736532	0.00715054
0.0746441	0.00714299
0.0756355	0.00713448
0.0766273	0.00712457
0.0776194	0.00711289
0.078612	0.00709954
0.0796049	0.00708451
0.0805982	0.00706743
0.0815918	0.00704868
0.0825858	0.00702885
0.08358	0.00700822
0.0845746	0.00698715
0.0855695	0.0069658
0.0865646	0.00694401
0.08756	0.00692164
0.0885557	0.0068987
0.0895515	0.00687538
0.0905477	0.00685241
0.091544	0.00683042
0.0925405	0.00680959
0.0935372	0.00679017
0.0945341	0.0067726
0.0955312	0.00675714
0.0965284	0.00674419
0.0975258	0.00673399
0.0985233	0.00672557
0.099521	0.00671702
0.100519	0.006707
0.101517	0.00669523
0.102515	0.00668172
0.103513	0.00666622
0.104511	0.00664824
0.105509	0.0066273
0.106508	0.0066037
0.107506	0.00657928
0.108505	0.00655599
0.109504	0.00653453
0.110503	0.00651503
0.111502	0.00649777
0.1125	0.00648309
0.113499	0.00647162
0.114498	0.00646409
0.115498	0.0064596
0.116497	0.00645584
0.117496	0.00645138
0.118495	0.00644596
0.119494	0.00643942
0.120494	0.00643169
0.121493	0.00642276
0.122492	0.00641244
0.123492	0.00640056
0.124491	0.00638736
0.12549	0.00637348
0.12649	0.00635933
0.127489	0.00634505
0.128489	0.00633056
0.129488	0.00631573
0.130487	0.0063007
0.131487	0.0062855
0.132486	0.00626997
0.133486	0.00625422
0.134485	0.00623854
0.135484	0.00622302
0.136484	0.0062077
0.137483	0.00619274
0.138482	0.00617813
0.139482	0.00616371
0.140481	0.00614955
0.14148	0.00613573
0.14248	0.00612262
0.143479	0.00611045
0.144478	0.0060992
0.145477	0.00608899
0.146476	0.00607995
0.147475	0.00607221
0.148474	0.00606615
0.149473	0.00606209
0.150472	0.0060594
0.151471	0.0060569
0.15247	0.00605381
0.153469	0.00605004
0.154468	0.00604557
0.155467	0.00604021
0.156466	0.00603398
0.157464	0.00602672
0.158463	0.00601832
0.159462	0.00600888
0.16046	0.00599858
0.161459	0.00598754
0.162457	0.00597574
0.163455	0.00596308
0.164454	0.0059494
0.165452	0.00593449
0.16645	0.00591791
0.167448	0.0058997
0.168446	0.00588099
0.169444	0.00586303
0.170442	0.0058465
0.17144	0.00583148
0.172438	0.00581802
0.173435	0.00580633
0.174433	0.00579683
0.17543	0.00579013
0.176428	0.00578612
0.177425	0.0057833
0.178423	0.00578001
0.17942	0.00577549
0.180417	0.00576973
0.181414	0.0057628
0.182412	0.00575447
0.183408	0.00574428
0.184405	0.00573188
0.185402	0.00571743
0.186399	0.00570216
0.187396	0.00568727
0.188392	0.00567294
0.189389	0.0056591
0.190385	0.00564587
0.191381	0.00563329
0.192377	0.00562146
0.193374	0.00561057
0.19437	0.00560053
0.195366	0.00559089
0.196361	0.00558125
0.197357	0.00557152
0.198353	0.00556172
0.199348	0.0055519
0.200344	0.00554214
0.201339	0.00553244
0.202335	0.0055227
0.20333	0.00551292
0.204325	0.00550302
0.20532	0.00549286
0.206315	0.00548234
0.20731	0.00547136
0.208305	0.00545986
0.209299	0.00544775
0.210294	0.00543498
0.211288	0.00542143
0.212283	0.00540726
0.213277	0.00539309
0.214271	0.00537926
0.215265	0.0053658
0.216259	0.00535278
0.217253	0.00534021
0.218247	0.00532816
0.21924	0.00531674
0.220234	0.00530607
0.221227	0.00529596
0.22222	0.00528602
0.223214	0.00527604
0.224207	0.00526599
0.2252	0.00525583
0.226193	0.00524571
0.227186	0.00523565
0.228178	0.00522562
0.229171	0.0052156
0.230163	0.00520546
0.231156	0.00519517
0.232148	0.0051846
0.23314	0.00517376
0.234132	0.00516267
0.235124	0.00515124
0.236116	0.00513942
0.237108	0.00512709
0.2381	0.00511413
0.239091	0.00510082
0.240083	0.00508775
0.241074	0.00507531
0.242065	0.00506355
0.243056	0.00505244
0.244047	0.00504205
0.245038	0.00503254
0.246029	0.00502423
0.24702	0.00501719
0.24801	0.0050108
0.249001	0.0050041
0.249991	0.0049966
0.250982	0.00498824
0.251972	0.00497896
0.252962	0.00496868
0.253952	0.00495727
0.254942	0.00494444
0.255932	0.00493009
0.256921	0.0049149
0.257911	0.00489982
0.2589	0.00488529
0.259889	0.0048714
0.260878	0.00485808
0.261867	0.00484537
0.262856	0.00483335
0.263845	0.00482211
0.264833	0.0048117
0.265822	0.0048019
0.26681	0.00479226
0.267799	0.00478255
0.268787	0.0047727
0.269775	0.00476273
0.270763	0.00475267
0.271751	0.00474255
0.272738	0.00473242
0.273726	0.00472225
0.274714	0.00471208
0.275701	0.00470185
0.276688	0.00469151
0.277676	0.00468111
0.278663	0.00467064
0.27965	0.00466003
0.280636	0.00464928
0.281623	0.00463846
0.28261	0.00462752
0.283596	0.00461645
0.284582	0.00460521
0.285569	0.00459374
0.286555	0.00458206
0.287541	0.00457013
0.288527	0.0045579
0.289512	0.0045453
0.290498	0.00453226
0.291483	0.00451882
0.292469	0.0045052
0.293454	0.00449166
0.294439	0.00447835
0.295424	0.00446521
0.296409	0.00445232
0.297394	0.0044397
0.298378	0.00442732
0.299363	0.00441508
0.300347	0.00440306
0.301331	0.00439144
0.302316	0.00438042
0.3033	0.00437019
0.304284	0.00436085
0.305268	0.00435246
0.306251	0.00434521
0.307235	0.00433935
0.308219	0.00433523
0.309202	0.00433279
0.310186	0.00433095
0.311169	0.00432842
0.312153	0.00432466
0.313136	0.00431957
0.314119	0.00431305
0.315102	0.00430498
0.316085	0.00429507
0.317068	0.0042828
0.31805	0.00426816
0.319033	0.00425237
0.320015	0.00423687
0.320015	0.00423687
0.320997	0.0042222
0.321979	0.00420852
0.322961	0.00419564
0.323943	0.00418357
0.324924	0.00417258
0.325906	0.00416289
0.326887	0.00415444
0.327868	0.0041466
0.32885	0.00413859
0.329831	0.00413005
0.330812	0.00412093
0.331793	0.0041112
0.332773	0.00410083
0.333754	0.00408972
0.334734	0.00407768
0.335715	0.00406473
0.336695	0.00405147
0.337675	0.00403858
0.338655	0.00402641
0.339635	0.00401503
0.340615	0.00400452
0.341594	0.00399492
0.342574	0.00398636
0.343553	0.00397918
0.344533	0.00397342
0.345512	0.00396828
0.346491	0.00396282
0.34747	0.00395664
0.348449	0.00394963
0.349428	0.00394179
0.350407	0.0039331
0.351386	0.00392341
0.352364	0.00391239
0.353342	0.00390002
0.354321	0.00388698
0.355299	0.00387407
0.356277	0.00386169
0.357255	0.00384985
0.358232	0.00383853
0.35921	0.00382778
0.360187	0.00381769
0.361165	0.00380833
0.362142	0.00379972
0.363119	0.0037917
0.364096	0.00378392
0.365073	0.00377621
0.36605	0.0037686
0.367027	0.00376118
0.368004	0.00375405
0.368981	0.00374727
0.369957	0.0037409
0.370934	0.00373493
0.37191	0.00372902
0.372886	0.00372269
0.373862	0.00371559
0.374838	0.0037076
0.375814	0.00369861
0.37679	0.0036886
0.377766	0.00367737
0.378741	0.00366449
0.379716	0.0036499
0.380692	0.00363454
0.381667	0.00361975
0.382641	0.00360621
0.383616	0.00359403
0.384591	0.0035833
0.385565	0.00357412
0.38654	0.00356674
0.387514	0.00356167
0.388489	0.00355904
0.389463	0.00355776
0.390437	0.00355614
0.391411	0.0035533
0.392386	0.00354915
0.39336	0.00354365
0.394333	0.00353669
0.395307	0.00352808
0.396281	0.00351747
0.397254	0.00350467
0.398227	0.00349042
0.399201	0.00347616
0.400174	0.00346261
0.401146	0.00344984
0.402119	0.00343784
0.403091	0.00342665
0.404064	0.00341637
0.405036	0.00340717
0.406008	0.00339912
0.406981	0.00339183
0.407953	0.00338455
0.408924	0.0033768
0.409896	0.0033685
0.410868	0.00335967
0.41184	0.00335025
0.412811	0.0033401
0.413782	0.00332905
0.414753	0.00331703
0.415725	0.00330451
0.416695	0.00329233
0.417666	0.00328104
0.418637	0.00327076
0.419608	0.00326151
0.420578	0.00325345
0.421549	0.00324677
0.422519	0.0032418
0.423489	0.00323874
0.42446	0.0032368
0.42543	0.00323445
0.4264	0.00323073
0.42737	0.00322543
0.42834	0.00321847
0.42931	0.0032097
0.430279	0.0031988
0.431249	0.00318524
0.432218	0.00316869
0.433187	0.00315019
0.434156	0.00313192
0.435124	0.00311538
0.436093	0.00310095
0.437061	0.00308864
0.43803	0.00307856
0.438998	0.00307105
0.439966	0.0030667
0.440934	0.00306595
0.441903	0.00306773
0.442871	0.00306965
0.443839	0.00307002
0.444807	0.00306844
0.445775	0.00306489
0.446743	0.00305929
0.447711	0.00305139
0.448679	0.00304066
0.449646	0.00302665
0.450613	0.00301018
0.45158	0.00299328
0.452547	0.0029774
0.453514	0.00296289
0.45448	0.00294973
0.455447	0.00293791
0.456413	0.00292758
0.457379	0.00291903
0.458345	0.00291255
0.459311	0.00290772
0.460277	0.00290333
0.461243	0.00289842
0.462209	0.00289278
0.463175	0.00288651
0.464141	0.0028796
0.465106	0.00287198
0.466072	0.0028635
0.467037	0.0028541
0.468002	0.00284394
0.468967	0.00283344
0.469932	0.00282292
0.470897	0.00281245
0.471861	0.00280204
0.472826	0.00279165
0.47379	0.00278126
0.474754	0.00277085
0.475718	0.00276042
0.476682	0.00274996
0.477646	0.00273948
0.47861	0.002729
0.479573	0.00271852
0.480537	0.00270808
0.4815	0.0026976
0.482463	0.00268708
0.483426	0.00267619
0.484389	0.00266532
0.485352	0.00265283
0.486315	0.00264426
0.487278	0.00263591
0.48824	0.00262523
0.489203	0.00262108
0.490165	0.00261552
0.491128	0.00260638
0.49209	0.00260073
0.493052	0.00259871
0.494015	0.00259858
0.494977	0.00259876
0.495939	0.00259751
0.496902	0.00259433
0.497864	0.0025891
0.498826	0.00258173
0.499787	0.002572
0.500749	0.00255947
0.50171	0.00254352
0.502671	0.00252449
0.503632	0.00250436
0.504592	0.00248509
0.505553	0.00246743
0.506513	0.00245148
0.507473	0.00243722
0.508432	0.00242474
0.509392	0.00241433
0.510352	0.00240635
0.511311	0.00240063
0.512271	0.00239611
0.513231	0.00239164
0.51419	0.00238683
0.51515	0.00238172
0.516109	0.00237638
0.517069	0.00237087
0.518028	0.00236525
0.518987	0.00235959
0.519947	0.00235386
0.520906	0.00234768
0.521865	0.0023407
0.522824	0.00233275
0.523782	0.00232373
0.524741	0.00231352
0.525699	0.00230191
0.526657	0.00228859
0.527615	0.0022732
0.528573	0.0022559
0.52953	0.00223793
0.530487	0.00222082
0.531445	0.00220538
0.532401	0.00219181
0.533358	0.00218019
0.534315	0.00217066
0.535272	0.00216358
0.536229	0.0021595
0.537186	0.00215833
0.538143	0.0021586
0.539099	0.00215837
0.540056	0.00215664
0.541013	0.00215315
0.54197	0.00214789
0.542927	0.0021408
0.543883	0.00213164
0.544839	0.00211995
0.545795	0.00210567
0.546751	0.00208984
0.547706	0.00207391
0.548662	0.00205866
0.549617	0.00204418
0.550572	0.00203045
0.551527	0.00201744
0.552481	0.00200516
0.553436	0.00199371
0.55439	0.00198311
0.555344	0.00197319
0.556299	0.00196369
0.557253	0.00195444
0.558207	0.0019455
0.559161	0.00193691
0.560115	0.00192873
0.561069	0.00192108
0.562023	0.00191413
0.562976	0.00190793
0.56393	0.00190211
0.564884	0.00189609
0.565838	0.00188949
0.566791	0.00188221
0.567745	0.00187426
0.568698	0.00186555
0.569651	0.00185597
0.570604	0.00184541
0.571557	0.00183381
0.57251	0.00182148
0.573462	0.00180904
0.574415	0.00179684
0.575367	0.00178501
0.576319	0.00177353
0.577271	0.00176241
0.578222	0.00175168
0.579174	0.00174141
0.580126	0.00173163
0.581077	0.00172216
0.582029	0.0017128
0.58298	0.00170343
0.583931	0.00169404
0.584882	0.0016846
0.585833	0.00167509
0.586784	0.00166551
0.587735	0.00165592
0.588685	0.00164632
0.589636	0.00163669
0.590586	0.00162702
0.591536	0.00161733
0.592487	0.00160761
0.593437	0.00159784
0.594387	0.00158806
0.595336	0.00157826
0.596286	0.00156846
0.597236	0.00155861
0.598185	0.00154868
0.599135	0.00153864
0.600084	0.00152847
0.601033	0.00151822
0.601982	0.00150785
0.602931	0.00149732
0.60388	0.00148663
0.604828	0.00147571
0.605777	0.00146454
0.606725	0.00145324
0.607674	0.00144203
0.608622	0.0014311
0.60957	0.0014206
0.610518	0.00141058
0.611466	0.00140108
0.612413	0.00139214
0.613361	0.00138386
0.614309	0.00137636
0.615257	0.00136951
0.616204	0.00136276
0.617152	0.00135559
0.618099	0.00134779
0.619047	0.00133931
0.619994	0.00133011
0.620941	0.00132012
0.621888	0.0013092
0.622835	0.00129721
0.623781	0.00128433
0.624728	0.00127114
0.625674	0.0012582
0.62662	0.00124575
0.627566	0.00123388
0.628511	0.00122258
0.629457	0.00121184
0.630402	0.00120175
0.631348	0.0011924
0.632293	0.00118374
0.633239	0.00117544
0.634184	0.0011672
0.635129	0.00115885
0.636075	0.00115035
0.63702	0.00114171
0.637965	0.00113297
0.63891	0.00112412
0.639855	0.00111516
0.6408	0.00110608
0.641744	0.00109694
0.642689	0.00108775
0.643633	0.00107853
0.644578	0.00106929
0.645522	0.00106002
0.646467	0.00105071
0.647411	0.00104137
0.648355	0.00103201
0.649299	0.00102263
0.650243	0.00101319
0.651186	0.00100363
0.65213	0.000993927
0.653073	0.000984048
0.654017	0.000973974
0.65496	0.000963704
0.655903	0.000953202
0.656846	0.000942386
0.657789	0.000931252
0.658731	0.000920043
0.659674	0.000909087
0.660616	0.000898542
0.661558	0.000888456
0.662501	0.000878887
0.663443	0.000869875
0.664385	0.000861453
0.665327	0.000853716
0.666269	0.000846685
0.667211	0.000840077
0.668153	0.000833427
0.669095	0.000826421
0.670037	0.000818948
0.670979	0.000810969
0.671921	0.000802456
0.672863	0.000793357
0.673804	0.000783574
0.674746	0.000773073
0.675687	0.000762131
0.676628	0.000751236
0.677569	0.000740728
0.67851	0.000730735
0.679451	0.000721306
0.680391	0.000712475
0.681332	0.000704296
0.682273	0.000696866
0.683214	0.000690231
0.684155	0.000684131
0.685095	0.000678067
0.686036	0.000671669
0.686977	0.000664774
0.687917	0.000657309
0.688858	0.00064925
0.689798	0.000640569
0.690738	0.000631163
0.691678	0.00062095
0.692618	0.000610151
0.693558	0.000599257
0.694497	0.000588672
0.694497	0.000588672
0.695436	0.00057858
0.696376	0.000569028
0.697315	0.000560021
0.698254	0.000551588
0.699193	0.000543787
0.700132	0.000536665
0.701071	0.000530113
0.70201	0.000523859
0.702949	0.000517667
0.703889	0.00051143
0.704828	0.000505117
0.705767	0.000498729
0.706706	0.000492273
0.707645	0.000485761
0.708584	0.000479199
0.709523	0.000472566
0.710462	0.000465818
0.711401	0.000458915
0.71234	0.000451829
0.713278	0.000444532
0.714217	0.000436997
0.715155	0.000429197
0.716094	0.000421089
0.717032	0.000412624
0.71797	0.000403852
0.718908	0.000395021
0.719845	0.000386417
0.720783	0.000378203
0.721721	0.000370447
0.722658	0.000363182
0.723596	0.000356432
0.724533	0.000350235
0.725471	0.000344641
0.726409	0.000339611
0.727347	0.000334947
0.728285	0.000330402
0.729223	0.000325806
0.730161	0.000321086
0.731099	0.000316226
0.732037	0.000311224
0.732975	0.000306079
0.733913	0.000300796
0.734851	0.000295382
0.735789	0.000289841
0.736727	0.000284183
0.737665	0.000278413
0.738603	0.000272528
0.73954	0.000266522
0.740478	0.000260383
0.741416	0.000254087
0.742353	0.00024759
0.74329	0.000240886
0.744227	0.000234087
0.745164	0.00022737
0.746101	0.000220877
0.747038	0.000214691
0.747975	0.000208847
0.748912	0.00020336
0.749849	0.000198243
0.750786	0.000193519
0.751723	0.000189202
0.75266	0.000185219
0.753597	0.00018142
0.754535	0.000177665
0.755472	0.00017387
0.756409	0.000170004
0.757347	0.000166058
0.758284	0.000162026
0.759222	0.000157902
0.760159	0.00015369
0.761097	0.000149404
0.762034	0.000145075
0.762972	0.00014073
0.763909	0.000136383
0.764847	0.000132041
0.765784	0.000127705
0.766721	0.000123371
0.767659	0.000119029
0.768596	0.000114671
0.769533	0.000110307
0.770471	0.000105967
0.771408	0.000101691
0.772345	9.75045e-05
0.773283	9.34204e-05
0.77422	8.94456e-05
0.775157	8.55897e-05
0.776094	8.18601e-05
0.777032	7.82627e-05
0.777969	7.47933e-05
0.778907	7.14318e-05
0.779844	6.8158e-05
0.780782	6.49576e-05
0.78172	6.18204e-05
0.782657	5.87476e-05
0.783595	5.57426e-05
0.784533	5.28043e-05
0.785471	4.99353e-05
0.786409	4.71359e-05
0.787347	4.4381e-05
0.788285	4.16234e-05
0.789223	3.88268e-05
0.790161	3.59723e-05
0.791099	3.30445e-05
0.792037	3.003e-05
0.792975	2.69172e-05
0.793913	2.36933e-05
0.794851	2.03573e-05
0.795789	1.69529e-05
0.796727	1.3563e-05
0.797665	1.02657e-05
0.798603	7.10945e-06
0.799541	4.11756e-06
0.800479	1.3615e-06
0.801417	1.32377e-06
0.802355	3.74355e-06
0.803294	5.95103e-06
0.804232	7.99285e-06
0.805171	9.95523e-06
0.806109	1.19369e-05
0.807048	1.39971e-05
0.807987	1.61709e-05
0.808926	1.84732e-05
0.809864	2.09156e-05
0.810803	2.35181e-05
0.811742	2.62858e-05
0.812681	2.919e-05
0.813619	3.21395e-05
0.814558	3.50446e-05
0.815496	3.78437e-05
0.816435	4.04969e-05
0.817374	4.29887e-05
0.818313	4.53036e-05
0.819252	4.74252e-05
0.820191	4.93521e-05
0.82113	5.11016e-05
0.82207	5.27193e-05
0.823009	5.42605e-05
0.823949	5.57671e-05
0.824889	5.7265e-05
0.825829	5.87694e-05
0.826769	6.02872e-05
0.827709	6.18191e-05
0.82865	6.33652e-05
0.82959	6.4929e-05
0.830531	6.65199e-05
0.831471	6.81521e-05
0.832412	6.98391e-05
0.833352	7.15904e-05
0.834293	7.34135e-05
0.835233	7.53154e-05
0.836174	7.73043e-05
0.837114	7.9392e-05
0.838054	8.15688e-05
0.838995	8.37874e-05
0.839935	8.59822e-05
0.840875	8.80923e-05
0.841815	9.00746e-05
0.842756	9.19004e-05
0.843696	9.35544e-05
0.844637	9.50272e-05
0.845578	9.63007e-05
0.84652	9.73762e-05
0.847461	9.83041e-05
0.848403	9.91665e-05
0.849345	0.00010004
0.850287	0.00010098
0.851229	0.000102021
0.852172	0.000103187
0.853114	0.000104492
0.854056	0.000105949
0.854998	0.000107563
0.85594	0.000109302
0.856881	0.0001111
0.857823	0.00011289
0.858765	0.000114619
0.859707	0.000116261
0.860649	0.000117799
0.861591	0.000119218
0.862533	0.000120507
0.863476	0.000121657
0.864419	0.000122686
0.865362	0.000123627
0.866305	0.000124517
0.867248	0.000125386
0.868192	0.000126252
0.869135	0.000127128
0.870079	0.000128018
0.871023	0.00012893
0.871967	0.000129868
0.872911	0.00013083
0.873855	0.000131805
0.874799	0.000132781
0.875744	0.000133743
0.876688	0.000134687
0.877633	0.000135612
0.878577	0.000136515
0.879522	0.000137396
0.880467	0.000138251
0.881412	0.000139083
0.882357	0.000139897
0.883303	0.000140696
0.884248	0.000141482
0.885194	0.000142261
0.88614	0.000143034
0.887085	0.000143802
0.888031	0.000144565
0.888977	0.000145325
0.889923	0.000146081
0.89087	0.000146832
0.891816	0.000147577
0.892762	0.000148315
0.893709	0.000149044
0.894655	0.000149763
0.895602	0.000150475
0.896549	0.000151181
0.897496	0.00015188
0.898443	0.000152571
0.89939	0.000153253
0.900337	0.000153923
0.901285	0.000154577
0.902232	0.000155212
0.90318	0.000155827
0.904128	0.000156418
0.905076	0.000156981
0.906024	0.000157519
0.906973	0.000158036
0.907921	0.000158531
0.90887	0.000159007
0.909819	0.000159466
0.910769	0.000159912
0.911718	0.000160344
0.912668	0.000160761
0.913618	0.000161163
0.914568	0.000161553
0.915518	0.00016193
0.916469	0.000162296
0.91742	0.000162653
0.91837	0.000163004
0.919322	0.000163351
0.920273	0.000163697
0.921224	0.000164042
0.922175	0.000164389
0.923127	0.000164736
0.924079	0.000165085
0.92503	0.000165436
0.925982	0.000165787
0.926934	0.000166134
0.927887	0.000166474
0.928839	0.000166804
0.929792	0.000167122
0.930744	0.000167426
0.931697	0.000167712
0.932651	0.000167979
0.933604	0.000168224
0.934558	0.000168445
0.935511	0.000168642
0.936465	0.000168815
0.93742	0.000168963
0.938374	0.000169087
0.939329	0.000169188
0.940283	0.000169263
0.941238	0.000169314
0.942193	0.000169342
0.943149	0.000169348
0.944104	0.000169332
0.94506	0.000169291
0.946016	0.000169226
0.946973	0.000169135
0.94793	0.000169017
0.948887	0.000168875
0.949844	0.000168709
0.950801	0.000168513
0.951759	0.000168288
0.952717	0.000168036
0.953675	0.000167759
0.954634	0.00016746
0.955592	0.00016714
0.956551	0.000166798
0.95751	0.000166433
0.958469	0.000166045
0.959428	0.000165639
0.960387	0.000165215
0.961346	0.000164767
0.962306	0.00016429
0.963266	0.000163779
0.964226	0.000163228
0.965186	0.000162631
0.966147	0.000161985
0.967108	0.000161281
0.968069	0.000160507
0.96903	0.00015966
0.969992	0.000158733
0.969992	0.000158733
0.970954	0.000157716
0.971916	0.000156604
0.972878	0.000155389
0.973841	0.000154059
0.974803	0.000152603
0.975766	0.000151008
0.97673	0.00014926
0.977693	0.000147339
0.978657	0.000145225
0.979621	0.000142887
0.980585	0.000140291
0.981549	0.000137402
0.982514	0.000134168
0.983479	0.000130526
0.984444	0.000126388
0.98541	0.000121674
0.986376	0.000116226
0.987342	0.000109921
0.988309	0.000102508
0.989276	9.37082e-05
0.990243	8.32779e-05
0.99121	7.00766e-05
0.992178	5.50565e-05
0.993146	3.28989e-05
0.994115	1.02629e-05
0.995084	3.25278e-05
0.996053	8.39304e-05
0.997022	0.000184259
0.997991	0.000313899
0.99896	0.00118355
0.999929	0.00167262
)
